cyc,freq,cyc,ROIsum,fBg,fA1,fWidth1,fCtr1,fA2,fWidth2,fCtr2,box1,box2,box3,box4,box5,box6,box7,box8,box9,Nfit,BZ-2,BZ-1,BZ0,BZ1,BZ2,sumBZ1,sumBZ2,fractionBZ0,fractionBZ1,fractionBZ2,Excited,c5,c7,c9,fraction95,fraction75,fraction97,sum95
0,150,0,114838,0,5,131,50,0,5,135,478.11,9979.02,79033.2,9594.31,310.405,148.327,-7.13456,-3.87677,1.20345,21322.4,344.48,9845.39,78775.8,9460.68,176.775,19306.1,521.255,0.798918,0.195796,0.00528639,0.196836,-8.34353,-4.48126,-0.00552986,0.999278,0.515487,0.999331,-8.34956 
1,155,1,110779,0,5,131,50,0,5,135,452.664,9384.59,77090,8873.52,234.555,111.605,2.43252,3.54531,-2.59456,21322.4,352.117,9284.04,76896.3,8772.97,134.008,18057,486.125,0.805708,0.189199,0.00509355,0.190167,1.52285,3.09048,-3.50423,-0.663044,0.21971,2.60101,-2.29676 
3,165,3,108291,0,5,131,50,0,5,135,465.367,8896.96,76351.3,8324.52,163.995,113.002,12.1981,5.34312,5.86531,21322.4,363.561,8795.15,76155.2,8222.72,62.1898,17017.9,425.751,0.813634,0.181817,0.00454868,0.182648,11.277,4.88259,4.94426,0.676638,0.568928,0.645281,16.6663 
4,170,4,111232,0,5,131,50,0,5,135,508.319,9387.25,77335.4,8899.42,280.536,73.5664,-5.80641,1.38432,1.97529,21322.4,442.042,9320.97,77207.8,8833.14,214.259,18154.1,656.301,0.804095,0.18907,0.00683517,0.190371,-6.40603,1.08451,1.37566,1.30561,1.42099,0.592207,-4.90656 
5,175,5,100855,0,5,131,50,0,5,135,526.761,7525.14,71990.4,7245.16,274.105,85.2847,-3.00567,0.286339,13.1496,21322.4,449.926,7448.31,71842.4,7168.33,197.271,14616.6,647.197,0.824768,0.167802,0.00742998,0.169059,-3.7008,-0.0612294,12.4544,-0.374783,0.971861,-0.00913907,9.87452 
6,180,6,105185,0,5,131,50,0,5,135,503.492,7994.8,75273.4,7608.91,220.54,96.4127,2.05531,4.55954,-5.19032,21322.4,416.633,7907.95,75106.1,7522.06,133.68,15430,550.312,0.824559,0.1694,0.00604165,0.170429,1.26947,4.16662,-5.97616,-0.242056,0.148285,4.51705,-5.24454 
7,185,7,99726.8,0,5,131,50,0,5,135,454.858,6084.21,74467.9,6046.59,237.303,94.7765,-4.39443,-0.350588,-0.0350551,21322.4,369.473,5998.83,74303.4,5961.2,151.917,11960,521.39,0.85618,0.137812,0.00600785,0.138645,-5.16693,-0.736839,-0.807558,0.854438,0.800281,0.626976,-6.04717 
8,190,8,102199,0,5,131,50,0,5,135,641.742,5923.27,76702.6,5892.55,340.408,147.152,4.17158,1.94738,-3.81477,21322.4,509.171,5790.7,76447.2,5759.98,207.836,11550.7,717.007,0.861718,0.1302,0.00808215,0.131261,2.97218,1.34768,-5.01417,-1.19208,0.557568,-0.980627,-2.49327 
9,195,9,79125.9,0,5,131,50,0,5,135,340.005,1379.2,65974.1,1932.5,168.25,151.294,2.4727,5.36198,0.640354,21322.4,203.702,1242.9,65711.6,1796.2,31.9466,3039.1,235.649,0.952531,0.0440536,0.00341587,0.0442046,1.23954,4.7454,-0.592812,2.08897,0.129876,1.07275,0.593374 
10,200,10,84342.4,0,5,131,50,0,5,135,602.153,1134.35,71047.7,1801.92,234.614,131.068,-3.07723,-1.49553,0.666747,21322.4,484.072,1016.26,70820.3,1683.84,116.533,2700.1,600.604,0.955469,0.0364283,0.00810302,0.0367259,-4.14553,-2.02968,-0.401561,0.904499,0.538557,0.903015,-4.58324 
11,205,11,93690.3,0,5,131,50,0,5,135,706.98,4304.81,72519.5,4320.1,419.229,131.83,6.69238,-1.20534,2.99641,21322.4,588.212,4186.04,72290.8,4201.33,300.461,8387.37,888.673,0.886277,0.102828,0.010895,0.103961,5.61786,-1.7426,1.9219,0.728388,2.18738,2.49197,7.71272 
12,210,12,102918,0,5,131,50,0,5,135,748.272,8079.85,72425,7986.36,483.561,63.0288,-10.2089,-1.99001,-0.0586916,21322.4,691.488,8023.07,72315.6,7929.57,426.777,15952.6,1118.27,0.809021,0.178468,0.0125105,0.180729,-10.7226,-2.24688,-0.572426,0.94501,0.731687,0.878502,-11.3466 
13,215,13,76804,0,5,131,50,0,5,135,1476.25,7900.68,48701.8,7490.83,1067.43,95.7448,-5.77989,-1.31265,2.86715,21322.4,1389.99,7814.42,48535.6,7404.57,981.172,15219,2371.16,0.733989,0.230152,0.0358583,0.238712,-6.56029,-1.70285,2.08675,1.53073,0.687641,2.98723,-4.28573 
14,220,14,57846.5,0,5,131,50,0,5,135,2824.8,7194.09,32032.2,6905.32,2208,-29.9645,-7.53829,-0.0231125,-6.26776,21322.4,2851.79,7221.08,32084.2,6932.32,2234.99,14153.4,5086.78,0.625126,0.275764,0.0991105,0.306102,-7.29405,0.0990047,-6.02353,0.526278,1.02433,-0.0312228,-13.8597 
15,225,15,47352.3,0,5,131,50,0,5,135,2756.99,7104.36,22478,6826.23,2220.48,1.16683,-5.94916,1.97247,-3.95173,21322.4,2755.94,7103.31,22476,6825.18,2219.43,13928.5,4975.37,0.543163,0.336601,0.120237,0.382604,-5.95867,1.96771,-3.96124,0.579839,2.36909,-10.7714,-10.2764 
16,230,16,77835.4,0,5,131,50,0,5,135,522.597,8415.09,50246.7,7635.56,427.714,74.2747,0.343611,-6.72527,-0.644965,21322.4,455.681,8348.17,50117.8,7568.65,360.799,15916.8,816.48,0.749693,0.238094,0.0122134,0.241038,-0.261787,-7.02796,-1.25036,0.161131,0.0208417,0.911925,-1.62468 
17,235,17,83974.2,0,5,131,50,0,5,135,570.728,7695.66,57321.3,7133.45,320.46,100.732,-1.34057,-4.98423,-4.6778,21322.4,479.977,7604.91,57146.5,7042.7,229.709,14647.6,709.686,0.788186,0.202025,0.00978825,0.204022,-2.16161,-5.39475,-5.49884,0.265055,0.186307,0.643778,-8.15535 
18,240,18,86155,0,5,131,50,0,5,135,400.826,7934.09,58685.4,7325.97,346.818,68.3919,-0.34572,-3.21102,2.03169,21322.4,339.21,7872.47,58566.7,7264.35,285.203,15136.8,624.413,0.78795,0.203649,0.00840079,0.205374,-0.903168,-3.48974,1.47424,-1.28335,0.128836,1.29757,0.703756 
19,245,19,70487.2,0,5,131,50,0,5,135,460.816,6407.97,48047.9,5967.13,290.249,56.4336,5.38887,-2.8548,3.06119,21322.4,409.974,6357.13,47950,5916.29,239.407,12273.4,649.381,0.787708,0.201624,0.0106678,0.203798,4.92889,-3.08479,2.60122,0.634821,-10.4983,1.8442,7.76422 
20,250,20,59852.5,0,5,131,50,0,5,135,514.73,5324.54,40834.7,5077.45,257.272,130.644,2.12113,-2.39307,-2.11352,21322.4,397.031,5206.84,40608,4959.75,139.573,10166.6,536.603,0.791406,0.198136,0.0104578,0.20023,1.05627,-2.9255,-3.17837,-0.438623,-0.259951,0.629017,-2.40816 
21,250,21,86238.7,0,5,131,50,0,5,135,514.276,7808.33,59215.5,7039.33,301.691,96.0283,-1.90218,2.2109,-1.92967,21322.4,427.763,7721.82,59048.9,6952.82,215.177,14674.6,642.94,0.794026,0.197329,0.00864556,0.19905,-2.68489,1.81954,-2.71238,0.475928,-5.37718,5.24199,-5.64139 
22,250,22,65945,0,5,131,50,0,5,135,384.56,5680.15,45587.1,5351.78,289.141,95.2135,3.85433,-4.85766,-7.38958,21322.4,298.78,5594.37,45421.9,5266,203.362,10860.4,502.142,0.799901,0.191256,0.00884296,0.192963,3.07826,-5.2457,-8.16565,-0.528702,-0.504492,0.541996,-5.8223 
23,250,23,85420.2,0,5,131,50,0,5,135,495.454,7558.06,58841.4,7048.87,278.453,92.4727,0.592883,2.9563,17.1937,21322.4,412.144,7474.75,58680.9,6965.56,195.143,14440.3,607.287,0.795905,0.195858,0.0082368,0.197484,-0.160843,2.57943,16.44,-0.00905712,-0.0369485,0.224221,17.7587 
24,250,24,71450.7,0,5,131,50,0,5,135,363.543,6406.38,49156.1,5802.93,238.998,39.0678,3.79376,4.79942,1.73024,21322.4,328.346,6371.18,49088.3,5767.73,203.801,12138.9,532.147,0.794832,0.196552,0.00861646,0.19826,3.47533,4.6402,1.4118,0.693098,0.299709,0.858246,5.01419 
25,250,25,79435.7,0,5,131,50,0,5,135,447.899,6998.48,54820.2,6695.55,267.191,39.9557,4.17118,0.22986,0.933504,21322.4,411.902,6962.49,54750.9,6659.55,231.194,13622,643.096,0.793307,0.197375,0.00931807,0.199232,3.84551,0.0670243,0.607833,0.853032,0.970402,0.168831,4.50805 
26,250,26,87304.7,0,5,131,50,0,5,135,454.074,8130.17,59193.2,7702.7,309.948,57.9373,5.7189,-5.38233,1.37272,21322.4,401.877,8077.97,59092.6,7650.51,257.751,15728.5,659.628,0.782884,0.208377,0.00873902,0.210214,5.24666,-5.61844,0.90049,0.842405,-1.14416,1.0953,6.2282 
27,250,27,73426.3,0,5,131,50,0,5,135,491.118,6535.6,50428.8,6273.68,345.769,-8.79539,7.36442,3.337,-8.83064,21322.4,499.042,6543.53,50444,6281.6,353.693,12825.1,852.735,0.78669,0.200012,0.0132987,0.202707,7.43611,3.37284,-8.75895,-3.52231,0.557489,-2.44052,-2.11115 
28,250,28,74360.6,0,5,131,50,0,5,135,425.704,6741.14,51086.5,6300.62,213.793,55.6175,2.06194,-2.29216,-2.70427,21322.4,375.597,6691.03,50990,6250.52,163.687,12941.6,539.283,0.7909,0.200735,0.00836477,0.202428,1.60861,-2.51882,-3.15759,-0.877505,-0.574643,0.595052,-1.83317 
29,227,29,47462.3,0,5,131,50,0,5,135,2698.12,8544.9,19857.8,7680.08,2144.78,-4.67712,0.505247,-0.262324,-1.32111,21322.4,2702.33,8549.11,19865.9,7684.3,2148.99,16233.4,4851.32,0.485119,0.396414,0.118467,0.449687,0.543369,-0.243263,-1.28299,-0.635455,4.61819,0.258862,-0.855087 
30,223,30,63302.3,0,5,131,50,0,5,135,4604.19,9575.64,29178.3,9008.03,3603.48,-108.659,-10.0386,2.09787,-12.8283,21322.4,4702.09,9673.53,29366.9,9105.92,3701.37,18779.5,8403.46,0.51931,0.332087,0.148603,0.39005,-9.15295,2.54069,-11.9427,0.412844,1.94465,-0.644443,-22.1705 
31,232,31,84009.9,0,5,131,50,0,5,135,439.867,8017.91,57006.9,7485.55,333.983,65.378,2.64294,-7.85057,0.286586,21322.4,380.967,7959.01,56893.5,7426.65,275.082,15385.7,656.049,0.780055,0.21095,0.00899496,0.212864,2.11005,-8.11701,-0.246296,1.14578,-0.174461,0.983795,1.84159 
32,217,32,65497.7,0,5,131,50,0,5,135,2819.69,7836.33,37799.6,7458.86,2181.14,-51.7163,0.494639,-4.35204,-13.1528,21322.4,2866.28,7882.92,37889.4,7505.46,2227.74,15388.4,5094.02,0.649104,0.263627,0.0872686,0.288833,0.916168,-4.14127,-12.7313,-0.0706868,-0.14471,0.374689,-12.9609 
