cyc,freq,cyc,ROIsum,fBg,fA1,fWidth1,fCtr1,fA2,fWidth2,fCtr2,box1,box2,box3,box4,box5,box6,box7,box8,box9,Nfit,BZ-2,BZ-1,BZ0,BZ1,BZ2,sumBZ1,sumBZ2,fractionBZ0,fractionBZ1,fractionBZ2,Excited,c5,c7,c9,fraction95,fraction75,fraction97,sum95
0,140,0,52498.3,0,5,131,50,0,5,135,-763.556,1022.54,50066.6,2087.59,228.445,382.257,-15.4811,0.468011,-21.7806,21322.4,-1107.94,678.154,49403.3,1743.21,-115.937,2421.36,-1223.88,0.976335,0.0478522,-0.0241869,0.0236653,-18.5968,-1.08984,-24.8963,0.406631,0.906983,0.074621,-45.7337 
1,170,1,58938.3,0,5,131,50,0,5,135,-336.053,950.036,56723.6,2052.11,909.913,288.526,-4.12174,-5.81962,-12.7797,21322.4,-595.991,690.098,56223,1792.17,649.975,2482.27,53.9836,0.956837,0.0422447,0.000918725,0.0431635,-6.47346,-6.99548,-15.1314,0.281863,0.345887,0.459936,-22.9667 
2,150,2,60259.1,0,5,131,50,0,5,135,-832.513,2927.66,52941.7,3663.36,259.405,318.512,-14.7999,-15.3376,-12.533,21322.4,-1119.47,2640.71,52389.1,3376.4,-27.5484,6017.11,-1147.02,0.914946,0.105086,-0.020032,0.0850536,-17.3961,-16.6356,-15.1292,0.513357,0.374041,0.669479,-33.8869 
3,145,3,64292.1,0,5,131,50,0,5,135,-772.223,3352.8,55631.2,4191.2,309.261,359.304,-14.9604,-15.26,-11.9467,21322.4,-1095.93,3029.1,55007.8,3867.5,-14.4419,6896.6,-1110.37,0.904822,0.113442,-0.0182644,0.0951777,-17.889,-16.7243,-14.8753,0.524557,0.379354,0.674381,-34.1031 
4,195,4,54356.4,0,5,131,50,0,5,135,2230.81,3175.2,41159.4,4290.58,2792.7,254.571,-12.113,-7.64021,-8.29589,21322.4,2001.46,2945.86,40717.7,4061.23,2563.35,7007.08,4564.81,0.778696,0.134005,0.0872987,0.221304,-14.188,-8.67769,-10.3709,0.556561,0.483012,0.60651,-25.4922 
5,175,5,53354.8,0,5,131,50,0,5,135,-561.822,89.8204,53042.3,1241.3,548.454,356.166,-12.0391,-7.96512,-18.4588,21322.4,-882.698,-231.056,52424.4,920.429,227.578,689.373,-655.12,0.999347,0.0131413,-0.0124883,0.000652955,-14.9421,-9.41663,-21.3618,0.390883,0.475542,0.448132,-38.2265 
6,210,6,60242.4,0,5,131,50,0,5,135,-707.61,2796.59,53013.6,3656.68,375.732,386.807,-8.85402,-5.65658,-19.0383,21322.4,-1056.09,2448.11,52342.5,3308.2,27.2509,5756.31,-1028.84,0.917164,0.100864,-0.0180277,0.0828364,-12.0068,-7.23297,-22.1911,0.331725,0.486805,0.375163,-36.1951 
7,190,7,59092.3,0,5,131,50,0,5,135,60.6878,3436.01,49234.7,4181.38,878.94,341.23,-14.9481,-10.4543,-20.21,21322.4,-246.732,3128.59,48642.6,3873.96,571.52,7002.55,324.788,0.869084,0.125113,0.0058029,0.130916,-17.7294,-11.845,-22.9913,0.414336,0.461005,0.486928,-42.7899 
8,155,8,51088.4,0,5,131,50,0,5,135,-705.46,1528.39,47947.4,2427.15,294.501,374.966,-3.61325,-12.2874,-17.6297,21322.4,-1043.27,1190.58,47296.8,2089.34,-43.3123,3279.92,-1086.59,0.955681,0.0662742,-0.0219556,0.0443186,-6.66952,-13.8155,-20.686,0.228273,0.216215,0.551626,-29.2173 
9,140,9,64383.4,0,5,131,50,0,5,135,-728.605,3403.7,55454.6,4261.52,366.937,360.313,-5.12996,-5.62237,-21.334,21322.4,-1053.22,3079.08,54829.4,3936.91,42.3243,7015.99,-1010.89,0.901288,0.115329,-0.0166171,0.0987121,-8.06679,-7.09079,-24.2709,0.233671,0.39397,0.349879,-34.522 
10,165,10,54125.3,0,5,131,50,0,5,135,-620.548,1449.66,51601.6,2230.19,535.074,417.454,-7.96218,-13.0946,-20.9117,21322.4,-996.639,1073.57,50877.3,1854.1,158.983,2927.67,-837.657,0.960541,0.0552731,-0.0158146,0.0394586,-11.3648,-14.7959,-24.3143,0.30012,0.305032,0.528517,-37.8674 
11,215,11,56535.4,0,5,131,50,0,5,135,-810.318,2155.21,51770.2,3077.96,357.085,424.043,-12.6376,-3.09968,-23.0087,21322.4,-1192.35,1773.18,51034.5,2695.94,-24.9428,4469.12,-1217.29,0.940098,0.082325,-0.0224235,0.0599015,-16.0939,-4.82782,-26.465,0.358114,0.655754,0.251521,-44.9408 
12,180,12,55947.4,0,5,131,50,0,5,135,-698.36,1095.9,52816.5,2130.58,310.408,400.726,-5.76282,-7.63489,-13.745,21322.4,-1059.38,734.883,52121.2,1769.56,-50.613,2504.45,-1109.99,0.973943,0.0467984,-0.0207415,0.0260569,-9.02905,-9.26801,-17.0112,0.327481,0.357614,0.500902,-27.5713 
13,200,13,44038.9,0,5,131,50,0,5,135,5047.68,4115.29,26184.1,5380.91,4774.32,281.385,-13.9053,-7.373,-24.7064,21322.4,4794.17,3861.79,25695.8,5127.4,4520.82,8989.19,9314.99,0.583996,0.2043,0.211704,0.416004,-16.1988,-8.51975,-26.9999,0.355014,0.520722,0.367597,-45.6288 
14,205,14,36361.6,0,5,131,50,0,5,135,4804.98,3577.96,20889.8,4590.01,4506.82,270.504,-17.7787,-12.3151,-30.0342,21322.4,4561.28,3334.26,20420.4,4346.31,4263.12,7680.57,8824.4,0.553018,0.208003,0.238979,0.446982,-19.9836,-13.4175,-32.2391,0.362519,0.459771,0.433961,-55.1241 
15,185,15,54919.7,0,5,131,50,0,5,135,-595.048,2031.17,50651.9,2971.71,400.068,431.879,-18.9011,-7.14372,-16.5577,21322.4,-984.135,1642.09,49902.6,2582.62,10.9811,4224.71,-973.153,0.938828,0.0794804,-0.0183082,0.0611722,-22.4213,-8.90379,-20.0778,0.506054,0.589988,0.449614,-44.3061 
16,160,16,57274.4,0,5,131,50,0,5,135,-587.899,1942.28,52675,2844.44,533.428,396.323,-11.58,-14.5652,-25.2939,21322.4,-944.953,1585.22,51987.3,2487.38,176.374,4072.61,-768.579,0.940243,0.0736572,-0.0139005,0.0597567,-14.8103,-16.1804,-28.5242,0.322653,0.343419,0.510988,-45.9017 
17,140,17,56351.3,0,5,131,50,0,5,135,-740.489,2212.18,50931,2980.17,312.526,447.497,-3.97771,-6.95117,-12.6708,21322.4,-1143.65,1809.02,50154.6,2577.01,-90.6316,4386.04,-1234.28,0.940875,0.0822798,-0.0231544,0.0591254,-7.62516,-8.7749,-16.3183,0.300061,0.3318,0.49763,-25.4121 
18,197,18,40037.1,0,5,131,50,0,5,135,2938.86,2594.84,29215,3696.49,3079.48,299.645,-3.14984,-7.06299,-13.2764,21322.4,2668.91,2324.89,28695,3426.53,2809.52,5751.42,5478.43,0.718726,0.144056,0.137218,0.281274,-5.59218,-8.28416,-15.7188,0.246074,0.278364,0.4926,-22.7257 
19,202,19,38485.7,0,5,131,50,0,5,135,4815.17,3908.08,21574.9,4847.37,4851.19,207.431,-7.54488,-6.81549,-14.9252,21322.4,4628.29,3721.2,21215,4660.49,4664.31,8381.69,9292.61,0.545522,0.215527,0.23895,0.454478,-9.2356,-7.66085,-16.616,0.337719,0.407895,0.459258,-27.347 
20,207,20,49021.9,0,5,131,50,0,5,135,1885.02,3152.77,37710.4,3940.98,2524.54,312.069,-10.3128,-10.1698,-16.017,21322.4,1603.88,2871.62,37168.9,3659.83,2243.39,6531.46,3847.27,0.781719,0.137367,0.080914,0.218281,-12.8564,-11.4416,-18.5606,0.388558,0.391019,0.531739,-33.0875 
21,201,21,40507.5,0,5,131,50,0,5,135,4712.52,4143.24,23385.2,5142.05,4535.49,290.709,-10.9642,-8.94495,-11.0895,21322.4,4450.62,3881.34,22880.8,4880.15,4273.59,8761.49,8724.2,0.566826,0.217049,0.216125,0.433174,-13.3337,-10.1297,-13.459,0.476137,0.429279,0.580965,-28.004 
22,199,22,41389.5,0,5,131,50,0,5,135,3424.67,3035.29,28149,4246.33,3642.68,278.454,-13.0217,-6.60558,-14.9019,21322.4,3173.81,2784.43,27665.8,3995.47,3391.81,6779.9,6565.62,0.67459,0.165318,0.160093,0.32541,-15.2913,-7.74039,-17.1715,0.449636,0.530267,0.453661,-34.0082 
23,208,23,59656.5,0,5,131,50,0,5,135,-694.532,2962.01,52235.6,3811.76,507.843,395.253,-11.9564,-4.37807,-24.3208,21322.4,-1050.62,2605.92,51549.8,3455.67,151.754,6061.59,-898.868,0.908967,0.106883,-0.0158496,0.0910332,-15.178,-5.98888,-27.5424,0.335802,0.591538,0.285995,-45.1993 
24,209,24,56511.1,0,5,131,50,0,5,135,44.8223,3483.58,47327.3,4005.58,957.625,332.108,-17.5436,-4.87831,-17.3797,21322.4,-254.379,3184.38,46751,3706.38,658.423,6890.76,404.044,0.865026,0.127498,0.00747595,0.134974,-20.2505,-6.23178,-20.0867,0.480497,0.649969,0.363666,-42.145 
25,203,25,38348.4,0,5,131,50,0,5,135,4731.35,4040.66,21129.5,4975.17,4329.12,243.144,-15.5006,-17.6055,-23.237,21322.4,4512.3,3821.61,20707.6,4756.12,4110.07,8577.73,8622.37,0.546264,0.226279,0.227457,0.453736,-17.4824,-18.5964,-25.2189,0.388749,0.349466,0.575978,-44.971 
26,172,26,48020.8,0,5,131,50,0,5,135,-524.084,190.609,48694.6,1197.43,690.18,354.165,-14.3953,-4.16023,-13.2078,21322.4,-843.158,-128.465,48080.1,878.357,371.106,749.892,-472.051,0.994255,0.0155071,-0.00976161,0.00574549,-17.282,-5.60359,-16.0945,0.496253,0.637988,0.39075,-34.825 
27,178,27,48637.1,0,5,131,50,0,5,135,-731.989,45.5125,48801.4,1219.27,417.507,395.962,-6.3633,-9.24143,-15.861,21322.4,-1088.72,-311.216,48114.4,862.54,60.7787,551.324,-1027.94,1.01,0.0115732,-0.0215782,-0.010005,-9.5907,-10.8551,-19.0884,0.315514,0.33549,0.511614,-30.3971 
