cyc,freq,cyc,ROIsum,fBg,fA1,fWidth1,fCtr1,fA2,fWidth2,fCtr2,box1,box2,box3,box4,box5,box6,box7,box8,box9,Nfit,BZ-2,BZ-1,BZ0,BZ1,BZ2,sumBZ1,sumBZ2,fractionBZ0,fractionBZ1,fractionBZ2,Excited,c5,c7,c9,fraction95,fraction75,fraction97,sum95
0,85,0,67199,0,5,131,50,0,5,135,-40.4828,2214.58,59548.7,3249.45,890.556,318.227,-9.72776,-3.01421,-43.3563,21322.4,-327.179,1927.88,58996.6,2962.76,603.859,4890.64,276.681,0.919467,0.0762211,0.00431209,0.0805332,-12.3216,-4.31111,-45.9501,0.197438,0.620234,0.147361,-62.4072 
1,87,1,62070.2,0,5,131,50,0,5,135,-6.83349,1214.42,57529.5,2398.18,960.024,332.301,-7.10522,-10.5177,-44.3114,21322.4,-306.209,915.048,56952.9,2098.8,660.648,3013.85,354.438,0.944161,0.0499633,0.00587585,0.0558392,-9.81374,-11.8719,-47.0199,0.160709,0.320819,0.317457,-61.0654 
2,89,2,63396.9,0,5,131,50,0,5,135,-422.851,1972.76,58114.8,2929.66,736.437,295.778,-9.05492,-11.4781,-42.8772,21322.4,-689.323,1706.29,57601.6,2663.19,469.965,4369.48,-219.358,0.932793,0.0707589,-0.00355225,0.0672066,-11.4657,-12.6835,-45.2881,0.188489,0.340615,0.340328,-60.8297 
3,91,3,61940.9,0,5,131,50,0,5,135,-1317.81,2795.54,56537.8,3452.26,87.3648,347.021,-10.8168,-10.5645,-42.7996,21322.4,-1630.45,2482.9,55935.7,3139.62,-225.273,5622.52,-1855.72,0.936907,0.0941757,-0.0310828,0.0630929,-13.6453,-11.9787,-45.6281,0.215293,0.394281,0.325967,-63.3799 
4,93,4,59898.4,0,5,131,50,0,5,135,-1348.69,3017.79,53716.4,3717.74,176.219,401.743,-11.8404,-8.83311,-40.7388,21322.4,-1710.63,2655.85,53019.3,3355.8,-185.718,6011.65,-1896.34,0.927972,0.105219,-0.0331908,0.0720282,-15.1149,-10.4704,-44.0134,0.239578,0.452026,0.304696,-63.0895 
5,95,5,57053.5,0,5,131,50,0,5,135,-1501.75,4442.78,48907.3,4792.77,138.867,392.22,-14.3002,-7.7986,-48.7498,21322.4,-1855.11,4089.42,48226.7,4439.41,-214.491,8528.83,-2069.6,0.881885,0.15596,-0.0378452,0.118115,-17.4971,-9.39705,-51.9467,0.236068,0.515501,0.249943,-74.119 
6,97,6,57080,0,5,131,50,0,5,135,-1534.52,12110.6,33508.9,11014.2,71.5754,368.914,-10.3938,-13.8013,-49.3045,21322.4,-1866.88,11778.2,32868.8,10681.8,-260.785,22460,-2127.67,0.617821,0.422171,-0.0399929,0.382179,-13.4008,-15.3048,-52.3114,0.190297,0.333484,0.350204,-70.4202 
7,99,7,61420.4,0,5,131,50,0,5,135,-1478.73,13679.6,33015.4,13099,210.993,374.725,-12.192,-15.8696,-50.4354,21322.4,-1816.32,13342,32365.2,12761.4,-126.603,26103.4,-1942.93,0.572575,0.461797,-0.0343725,0.427425,-15.2463,-17.3968,-53.4897,0.207292,0.333686,0.374656,-73.5501 
8,101,8,56258.5,0,5,131,50,0,5,135,-1355.34,2574.57,51929,3257.35,123.028,379.31,-4.62024,-5.6742,-45.5961,21322.4,-1697.07,2232.84,51270.8,2915.62,-218.7,5148.46,-1915.77,0.940688,0.0944611,-0.0351495,0.0593116,-7.71192,-7.22004,-48.6878,0.126879,0.37902,0.214559,-60.7816 
9,103,9,59078.9,0,5,131,50,0,5,135,-1402.47,2097.77,55436.8,2823.38,32.5702,392.586,-3.24467,-2.96189,-40.5,21322.4,-1756.15,1744.08,54755.6,2469.69,-321.118,4213.77,-2077.27,0.962446,0.0740661,-0.0365125,0.0375536,-6.44456,-4.56183,-43.6999,0.119173,0.446677,0.161283,-54.0775 
10,105,10,61358.5,0,5,131,50,0,5,135,-1288.57,2370.87,56492.5,3062.68,27.5746,340.667,-5.6124,-9.30404,-34.8056,21322.4,-1595.48,2063.95,55901.4,2755.77,-279.338,4819.72,-1874.82,0.949956,0.0819036,-0.0318597,0.0500439,-8.3891,-10.6924,-37.5823,0.169979,0.309552,0.343871,-49.3538 
11,107,11,63277.5,0,5,131,50,0,5,135,-1382.65,2778.82,57673.5,3411.68,38.8846,386.684,-7.25191,-13.2398,-46.4347,21322.4,-1731.02,2430.45,57002.5,3063.31,-309.485,5493.76,-2040.51,0.94288,0.0908723,-0.033752,0.0571203,-10.4037,-14.8157,-49.5865,0.161415,0.286357,0.355002,-64.4529 
12,109,12,65771.9,0,5,131,50,0,5,135,-1392.65,3299.65,58937.7,3962.86,51.6552,418.178,-12.5132,-9.91407,-43.3062,21322.4,-1769.4,2922.91,58212.1,3586.12,-325.089,6509.02,-2094.49,0.92951,0.103934,-0.033444,0.0704898,-15.9217,-11.6183,-46.7147,0.238203,0.439174,0.314197,-66.8407 
13,111,13,64970.3,0,5,131,50,0,5,135,-1382.49,3084.39,58719.4,3614.49,-35.5173,392.874,-9.10525,-9.64704,-34.9877,21322.4,-1736.43,2730.45,58037.8,3260.54,-389.464,5990.99,-2125.9,0.937562,0.0967805,-0.0343425,0.062438,-12.3075,-11.2482,-38.1899,0.228193,0.384708,0.351727,-53.9345 
14,113,14,68868.5,0,5,131,50,0,5,135,-1334.63,3445.88,60507.5,4041.72,80.3397,374.241,-12.3576,-7.68716,-49.9279,21322.4,-1671.79,3108.72,59858.1,3704.56,-256.821,6813.28,-1928.61,0.924553,0.105236,-0.0297888,0.0754473,-15.408,-9.21234,-52.9783,0.210623,0.488684,0.242609,-73.1543 
15,115,15,63593.1,0,5,131,50,0,5,135,-1404.93,2887.78,57658,3437.36,51.7658,396.85,-16.1612,-4.47566,-49.201,21322.4,-1762.46,2530.25,56969.4,3079.83,-305.763,5610.08,-2068.22,0.941468,0.0927114,-0.0341791,0.0585323,-19.3959,-6.09298,-52.4357,0.253373,0.645269,0.176311,-76.5508 
16,115,16,64874,0,5,131,50,0,5,135,-1326.09,2990.27,58319.3,3472.7,53.8958,327.568,-14.9763,-3.60405,-46.9609,21322.4,-1621.2,2695.16,57751,3177.59,-241.216,5872.74,-1862.41,0.935067,0.0950878,-0.030155,0.0649328,-17.6463,-4.93901,-49.6309,0.245962,0.671228,0.154918,-71.7439 
17,96,17,61135.5,0,5,131,50,0,5,135,-1321.99,10604.3,39396.1,9780.06,150.838,383.912,-12.0487,-9.64292,-49.1041,21322.4,-1667.86,10258.4,38730,9434.19,-195.035,19692.6,-1862.9,0.684763,0.348174,-0.0329368,0.315237,-15.1779,-11.2075,-52.2332,0.210476,0.436258,0.283285,-72.1121 
18,98,18,51582.3,0,5,131,50,0,5,135,-1572.71,12152.2,28353.2,10970.1,82.5193,411.628,-8.02535,-3.03283,-47.2912,21322.4,-1943.56,11781.4,27639,10599.3,-288.323,22380.6,-2231.88,0.57837,0.468334,-0.046704,0.42163,-11.3804,-4.71037,-50.6462,0.170916,0.579937,0.146266,-66.5848 
19,97,19,59226.2,0,5,131,50,0,5,135,-1492.42,12272.8,34386.8,11342.2,148.799,343.869,-14.9222,-11.2017,-50.5182,21322.4,-1802.22,11963,33790.1,11032.4,-160.999,22995.4,-1963.22,0.616357,0.419453,-0.0358106,0.383643,-17.725,-12.6031,-53.321,0.2337,0.445571,0.303332,-75.8448 
20,96,20,62047.1,0,5,131,50,0,5,135,-1461.82,10583.1,39814.5,10095.7,170.086,398.158,-14.1961,-9.47705,-46.7485,21322.4,-1820.53,10224.4,39123.6,9737.01,-188.621,19961.4,-2009.15,0.685467,0.349735,-0.0352013,0.314533,-17.4414,-11.0997,-49.9938,0.242462,0.473105,0.29027,-71.9347 
21,97,21,64650.5,0,5,131,50,0,5,135,-1393.36,12792,37716.8,11789.5,202.079,412.342,-12.5377,-3.91016,-47.9287,21322.4,-1764.84,12420.5,37001.4,11418,-169.407,23838.5,-1934.25,0.628146,0.40469,-0.0328364,0.371854,-15.8986,-5.59062,-51.2896,0.221416,0.619052,0.167216,-71.8043 
22,98,22,60858.1,0,5,131,50,0,5,135,-1420.13,14058.1,31932.1,12928.4,142.428,383.493,-21.7196,-5.78493,-42.7469,21322.4,-1765.63,13712.6,31266.7,12582.9,-203.067,26295.5,-1968.7,0.562416,0.472996,-0.0354124,0.437584,-24.8453,-7.34781,-45.8727,0.33195,0.658957,0.227838,-74.8465 
23,98,23,63236.7,0,5,131,50,0,5,135,-1572,14242.5,33835.2,13013.2,162.086,370.333,-14.9994,-6.23155,-51.1236,21322.4,-1905.64,13908.9,33192.7,12679.5,-171.554,26588.4,-2077.19,0.575224,0.460773,-0.0359974,0.424776,-18.018,-7.7408,-54.1421,0.2339,0.570832,0.208466,-77.0329 
24,98,24,62247.3,0,5,131,50,0,5,135,-1444.93,14378.6,32537.8,12968.1,165.603,356.608,-11.5364,-9.68326,-52.7012,21322.4,-1766.2,14057.3,31919,12646.8,-155.671,26704.1,-1921.87,0.562933,0.470961,-0.0338947,0.437067,-14.4431,-11.1366,-55.6078,0.192432,0.425647,0.269496,-75.0556 
