cyc,freq,cyc,ROIsum,fBg,fA1,fWidth1,fCtr1,fA2,fWidth2,fCtr2,box1,box2,box3,box4,box5,box6,box7,box8,box9,Nfit,BZ-2,BZ-1,BZ0,BZ1,BZ2,sumBZ1,sumBZ2,fractionBZ0,fractionBZ1,fractionBZ2,Excited,c5,c7,c9,fraction95,fraction75,fraction97,sum95
0,136,0,77698.9,0,5,131,50,0,5,135,278.439,4027.78,59433.7,4318.22,9.6062,113.143,7.9016,2.51734,-5.3285,21322.4,176.506,3925.85,59237.4,4216.28,-92.3265,8142.13,84.18,0.878063,0.120689,0.00124778,0.121937,6.97939,2.05624,-6.25071,42.0145,0.659815,-1.53794,0.166119 
1,188,1,61494.2,0,5,131,50,0,5,135,8104.61,5900.93,27298.4,6715.99,6507.41,-100.892,-1.26963,-6.40911,-2.00989,21322.4,8195.5,5991.83,27473.5,6806.88,6598.31,12798.7,14793.8,0.498919,0.232425,0.268656,0.501081,-0.447286,-5.99794,-1.18754,0.256809,0.0408716,0.90295,-1.74171 
2,140,2,74859.9,0,5,131,50,0,5,135,293.944,3659.26,57614.4,4078.43,63.3822,125.055,-3.22018,-0.844231,0.310775,21322.4,181.28,3546.6,57397.4,3965.77,-49.2817,7512.37,131.998,0.88247,0.115501,0.00202944,0.11753,-4.23948,-1.35388,-0.70852,0.845905,0.641493,0.778761,-5.01176 
3,152,3,63936.4,0,5,131,50,0,5,135,746.813,2107.57,52084.1,2356.7,658.13,109.297,-8.72203,-7.20766,7.14731,21322.4,648.345,2009.11,51894.5,2258.24,559.663,4267.34,1208.01,0.90456,0.074383,0.0210565,0.0954395,-9.61288,-7.65309,6.25645,3.44135,0.417846,1.79788,-2.79335 
4,120,4,66509.6,0,5,131,50,0,5,135,267.075,2782.66,51859.8,3305.42,16.9207,108.02,3.90057,0.207323,8.83947,21322.4,169.757,2685.34,51672.4,3208.1,-80.3965,5893.44,89.3609,0.896231,0.102219,0.00154992,0.103769,3.02012,-0.232902,7.95902,0.25823,1.15601,-0.0569762,11.6955 
5,132,5,72911.3,0,5,131,50,0,5,135,222.75,3606,56004.1,4090.97,96.5127,162.284,5.89426,-4.59852,8.24126,21322.4,76.5454,3459.79,55722.5,3944.77,-49.6915,7404.56,26.8539,0.882328,0.117246,0.000425214,0.117672,4.57152,-5.25989,6.91852,0.377415,-0.986669,3.49698,12.1127 
6,160,6,64159.1,0,5,131,50,0,5,135,379.216,1640.67,53735.7,2134.16,426.792,18.081,0.372651,-11.079,-1.76246,21322.4,362.927,1624.38,53704.3,2117.87,410.503,3742.25,773.43,0.922438,0.0642777,0.0132846,0.0775623,0.225277,-11.1527,-1.90984,-0.121349,-0.0116773,0.914946,-1.85644 
7,112,7,73270.2,0,5,131,50,0,5,135,287.022,3624.31,56169.8,4162.14,150.448,172.874,-3.79361,0.572062,-2.94866,21322.4,131.277,3468.57,55869.8,4006.39,-5.29742,7474.96,125.98,0.880245,0.11777,0.00198485,0.119755,-5.20267,-0.132468,-4.35772,0.522746,0.957343,0.0530279,-9.95258 
8,196,8,76722.4,0,5,131,50,0,5,135,331.139,4141.62,58430.4,4268.64,117.017,140.099,5.36482,0.674143,2.62045,21322.4,204.921,4015.4,58187.3,4142.42,-9.20078,8157.83,195.721,0.87446,0.122599,0.00294136,0.12554,4.2229,0.103185,1.47854,0.723781,0.958993,0.113914,5.8345 
9,148,9,68286.2,0,5,131,50,0,5,135,567.847,2840.22,53931.1,3187.99,420.441,64.5827,6.44382,-1.54593,-5.34096,21322.4,509.663,2782.04,53819,3129.8,362.258,5911.84,871.921,0.888062,0.0975507,0.0143875,0.111938,5.91742,-1.80913,-5.86736,-12.3796,2.15066,0.362242,-0.477996 
10,100,10,70846.7,0,5,131,50,0,5,135,397.639,3380.22,54308.5,3677.67,127.971,142.72,-5.43157,4.39864,-7.63792,21322.4,269.06,3251.64,54060.9,3549.09,-0.607548,6800.74,268.453,0.884358,0.11125,0.0043915,0.115642,-6.59485,3.817,-8.8012,0.407387,-77.6878,-3.97273,-16.1882 
11,108,11,70770.3,0,5,131,50,0,5,135,351.712,3541.47,54611.4,3798.13,110.379,140.19,0.490965,1.86463,2.20963,21322.4,225.412,3415.17,54368.1,3671.83,-15.9211,7087,209.491,0.881675,0.114928,0.00339726,0.118325,-0.651698,1.29329,1.06696,-1.27461,-0.404388,0.690676,0.511294 
12,164,12,64017.5,0,5,131,50,0,5,135,303.467,1624.58,53715,2164.18,373.341,23.7472,0.77203,-1.25724,9.28549,21322.4,282.072,1603.19,53673.8,2142.78,351.946,3745.97,634.019,0.924553,0.0645258,0.0109212,0.0754471,0.578472,-1.35402,9.09193,0.055152,-0.322978,-0.378047,10.4887 
13,124,13,72134.8,0,5,131,50,0,5,135,149.432,3595.18,55912.2,3747.72,37.205,60.5107,2.93473,-3.11162,2.36098,21322.4,94.917,3540.67,55807.2,3693.2,-17.31,7233.87,77.6069,0.884163,0.114607,0.00122954,0.115837,2.44152,-3.35823,1.86777,0.5453,-0.710701,1.43251,4.4774 
14,184,14,59139.8,0,5,131,50,0,5,135,6093.34,4939.34,30566.7,5846.83,4942.92,-97.1895,-7.34936,-2.96164,-7.35074,21322.4,6180.9,5026.9,30735.3,5934.39,5030.48,10961.3,11211.4,0.58092,0.207177,0.211903,0.41908,-6.55719,-2.56555,-6.55857,0.478417,0.593577,0.418803,-13.706 
15,192,15,80999.8,0,5,131,50,0,5,135,828.89,4388.43,60312.9,4980.23,648.001,62.1565,0.0473227,5.41887,6.32225,21322.4,772.892,4332.44,60205,4924.23,592.003,9256.67,1364.89,0.850034,0.130695,0.0192709,0.149966,-0.459302,5.16556,5.81562,-0.0781162,-0.053529,0.620666,5.87972 
16,176,16,79270,0,5,131,50,0,5,135,359.958,4505.49,59571.6,4795.16,239.202,85.508,5.86614,-2.8118,-4.56948,21322.4,282.922,4428.46,59423.2,4718.13,162.166,9146.59,445.089,0.86102,0.132531,0.00644917,0.13898,5.16918,-3.16028,-5.26644,-9.04912,-14.3071,0.525033,-0.571236 
17,168,17,71208,0,5,131,50,0,5,135,248.612,1943.83,59277.6,2410.78,194.034,-20.781,7.19033,2.07044,-6.70221,21322.4,267.334,1962.55,59313.7,2429.5,212.756,4392.05,480.09,0.924093,0.0684272,0.00747969,0.0759069,7.35971,2.15513,-6.53283,30.8022,0.66118,-1.54904,0.238935 
18,180,18,72145.4,0,5,131,50,0,5,135,2428.04,4688.66,49307.2,5252.58,1890.46,24.935,0.895905,1.03203,-5.1454,21322.4,2405.58,4666.2,49263.9,5230.12,1868,9896.32,4273.58,0.776619,0.15601,0.0673706,0.223381,0.692665,0.930414,-5.34864,-0.134829,0.298448,-0.471542,-5.13735 
19,104,19,78100.3,0,5,131,50,0,5,135,226.77,4117.47,60029.1,4488.35,90.5114,92.64,0.308356,0.503174,-0.942881,21322.4,143.309,4034.01,59868.3,4404.88,7.05045,8438.89,150.359,0.874532,0.123272,0.00219638,0.125468,-0.446733,0.125629,-1.69797,0.194441,1.96901,-0.1578,-2.29752 
20,116,20,72978.8,0,5,131,50,0,5,135,104.93,3656.37,56763.8,4001.8,111.105,88.3687,-2.8129,-4.17372,-3.72525,21322.4,25.317,3576.76,56610.5,3922.19,31.4923,7498.95,56.8093,0.882247,0.116867,0.000885345,0.117753,-3.53318,-4.53386,-4.44552,0.421681,0.308105,0.652622,-8.3788 
21,128,21,79706.7,0,5,131,50,0,5,135,238.362,4374.41,61095.4,4492.95,134.056,60.5645,-3.91627,1.33033,-13.7579,21322.4,183.799,4319.85,60990.3,4438.39,79.4929,8758.24,263.292,0.871143,0.125097,0.00376067,0.128857,-4.40992,1.0835,-14.2515,0.221114,1.75429,-0.162859,-19.9441 
22,200,22,75369.5,0,5,131,50,0,5,135,310.735,3838.74,58004.6,4163.88,167.673,118.82,4.92611,0.0136398,-1.75764,21322.4,203.688,3731.69,57798.5,4056.84,60.6261,7788.53,264.314,0.877712,0.118274,0.0040138,0.122288,3.95764,-0.470597,-2.72612,4.01313,1.26277,0.241271,0.986173 
23,156,23,63491.4,0,5,131,50,0,5,135,768.628,1516.9,53294.1,1955.28,920.312,-40.843,-5.54255,-5.1098,9.51899,21322.4,805.424,1553.69,53364.9,1992.08,957.108,3545.77,1762.53,0.909528,0.0604325,0.0300398,0.0904723,-5.20964,-4.94335,9.85189,-0.942254,0.375862,-12.2112,5.52892 
24,144,24,71443.1,0,5,131,50,0,5,135,357.138,3422.11,55405.7,3824.96,187.973,82.7927,-0.411942,0.786998,-2.69889,21322.4,282.548,3347.52,55262,3750.37,113.383,7097.89,395.931,0.880588,0.113103,0.00630907,0.119412,-1.08677,0.449585,-3.37372,0.228115,3.62263,-0.325348,-4.76412 
25,172,25,74881.5,0,5,131,50,0,5,135,234.218,3518.5,58444.5,3762.53,204.668,68.5757,0.935836,2.52448,-5.55468,21322.4,172.436,3456.72,58325.6,3700.75,142.886,7157.47,315.323,0.886429,0.108779,0.00479226,0.113571,0.376889,2.24501,-6.11362,-0.0599478,0.0875336,-2.09068,-6.28696 
26,187,26,60303.2,0,5,131,50,0,5,135,7405.39,5149.15,30245.5,5984.57,5723.52,-189.838,-3.90389,-5.17233,-9.81328,21322.4,7576.42,5320.17,30574.9,6155.6,5894.54,11475.8,13471,0.550684,0.20669,0.242626,0.449316,-2.35656,-4.39866,-8.26595,0.207326,0.234385,0.495016,-11.3664 
27,187,27,55287.3,0,5,131,50,0,5,135,7134.94,5012.99,25972.4,5881.23,5837.42,-224.343,3.70819,-10.7991,-11.5653,21322.4,7337.05,5215.1,26361.7,6083.34,6039.53,11298.4,13376.6,0.516524,0.221379,0.262097,0.483476,5.53676,-9.88477,-9.73676,-1.09071,-0.47075,0.651581,-5.0763 
28,187,28,54458.4,0,5,131,50,0,5,135,7215.77,4945.6,25321.7,5972.34,5591.14,-148.95,-4.49371,-4.39442,-3.49644,21322.4,7349.96,5079.8,25580.2,6106.53,5725.34,11186.3,13075.3,0.513227,0.224437,0.262336,0.486773,-3.27965,-3.78739,-2.28238,0.568648,0.331024,0.7535,-5.76745 
29,136,29,78479.5,0,5,131,50,0,5,135,335.814,4167.81,60003.2,4398.28,165.558,104.171,-2.96247,-1.00333,1.42354,21322.4,241.964,4073.97,59822.5,4304.43,71.709,8378.39,313.673,0.873135,0.122286,0.0045782,0.126865,-3.81155,-1.42787,0.574463,1.19657,0.604018,1.27943,-3.18538 
30,188,30,59459.4,0,5,131,50,0,5,135,7843.35,5568.68,27269.2,6558.86,6387.27,-190.826,-2.81763,1.98934,-14.7285,21322.4,8015.27,5740.6,27600.3,6730.78,6559.19,12471.4,14574.5,0.505073,0.228221,0.266706,0.494927,-1.26226,2.76702,-13.1731,0.0808052,-0.352582,-0.63115,-15.621 
31,140,31,69491.7,0,5,131,50,0,5,135,368.591,3188.89,54158.1,3479.8,234.291,96.3944,-5.20332,-3.25865,-8.70494,21322.4,281.747,3102.04,53990.8,3392.96,147.448,6495,429.195,0.88633,0.106624,0.00704579,0.11367,-5.98901,-3.6515,-9.49063,0.366664,0.483799,0.414775,-16.3338 
32,152,32,66474.9,0,5,131,50,0,5,135,620.352,2225.85,54595,2650.21,845.561,23.1501,1.11545,4.00023,-6.15572,21322.4,599.496,2205,54554.8,2629.35,824.704,4834.34,1424.2,0.897086,0.0794947,0.0234192,0.102914,0.926758,3.90588,-6.34441,-0.154752,0.119396,8.45839,-5.98865 
33,120,33,75939.5,0,5,131,50,0,5,135,210.531,4102.64,58258.7,4177.13,66.1633,85.809,9.13775,5.26014,-2.93293,21322.4,133.224,4025.33,58109.8,4099.83,-11.1434,8125.16,122.08,0.875714,0.122446,0.00183975,0.124286,8.43834,4.91043,-3.63234,1.88394,0.495452,1.67102,4.47909 
34,132,34,74808.7,0,5,131,50,0,5,135,287.92,3820.63,57787.5,4002.99,155.195,36.7391,-5.33087,1.18479,-2.2388,21322.4,254.821,3787.53,57723.8,3969.89,122.096,7757.41,376.917,0.876487,0.11779,0.00572317,0.123513,-5.63032,1.03507,-2.53826,0.670514,1.47431,-3.01904,-8.39702 
35,160,35,71626.1,0,5,131,50,0,5,135,451.357,2103.25,59773.9,2455.82,611.26,-51.2202,7.10878,-3.07016,0.969895,21322.4,497.503,2149.39,59862.7,2501.97,657.406,4651.36,1154.91,0.911583,0.0708304,0.0175868,0.0884172,7.52626,-2.86142,1.38738,0.832689,2.98805,1.35724,9.03851 
36,112,36,74834.2,0,5,131,50,0,5,135,148.136,3759.89,57568.4,4024.14,157.022,101.501,-2.4193,2.35031,2.46446,21322.4,56.692,3668.44,57392.3,3932.7,65.5781,7601.14,122.27,0.881389,0.116733,0.00187774,0.118611,-3.24661,1.93666,1.63715,2.22048,-22.7778,0.685446,-1.46212 
37,196,37,73388.3,0,5,131,50,0,5,135,228.448,3738.96,56219.7,4128.15,90.3756,100.152,13.611,-5.6108,-14.5662,21322.4,138.219,3648.73,56045.9,4037.92,0.146548,7686.65,138.366,0.877487,0.120347,0.00216634,0.122513,12.7947,-6.01896,-15.3825,-3.22103,5.65756,0.418871,-3.97224 
38,148,38,74909.3,0,5,131,50,0,5,135,559.342,3214.12,59451.5,3500.97,599.824,32.6451,-0.283559,2.39705,-8.77835,21322.4,529.931,3184.71,59394.9,3471.56,570.414,6656.27,1100.35,0.884491,0.0991232,0.016386,0.115509,-0.549643,2.26401,-9.04443,0.0528093,-0.161074,-0.85569,-10.4081 
39,100,39,71661.1,0,5,131,50,0,5,135,134.85,3598.78,55363,3729.53,164.614,144.972,5.51307,-3.56529,-4.42476,21322.4,4.2421,3468.17,55111.5,3598.92,34.0058,7067.1,38.2479,0.885797,0.113588,0.000614751,0.114203,4.33143,-4.15611,-5.6064,-2.43402,-1.4724,0.577271,-1.77954 
40,108,40,73000.7,0,5,131,50,0,5,135,236.267,3629.05,56468.3,3883.9,96.7502,115.997,3.73817,-1.46919,8.20247,21322.4,131.764,3524.54,56267,3779.4,-7.75311,7303.94,124.011,0.883382,0.114671,0.00194695,0.116618,2.7927,-1.94192,7.257,0.260931,-4.61108,-0.972126,10.7028 
41,164,41,66643.3,0,5,131,50,0,5,135,228.124,1822.69,55414.7,2125.19,292.59,-16.7948,6.01899,2.16703,5.85439,21322.4,243.255,1837.82,55443.9,2140.32,307.721,3978.13,550.975,0.924481,0.0663321,0.00918706,0.0755192,6.15588,2.23547,5.99128,0.485236,0.611433,0.407347,12.6864 
42,124,42,68171.5,0,5,131,50,0,5,135,199.22,3241.32,53202.7,3303.85,56.5048,110.896,9.36554,-0.825661,2.63481,21322.4,99.3113,3141.41,53010.3,3203.94,-43.4037,6345.35,55.9076,0.892256,0.106803,0.000941023,0.107744,8.46165,-1.27761,1.73091,0.817681,1.35912,3.78025,10.3483 
43,184,43,56666.7,0,5,131,50,0,5,135,6896.22,4886.37,27397.6,6019.28,5383,-145.621,4.64459,4.22451,-0.625053,21322.4,7027.41,5017.56,27650.2,6150.47,5514.19,11168,12541.6,0.538363,0.217447,0.244191,0.461637,5.83152,4.81797,0.561876,0.904958,0.408857,0.940461,6.44396 
44,192,44,73787,0,5,131,50,0,5,135,855.318,3866.52,55516.4,4100.96,573.378,114.012,6.67624,0.557243,5.48367,21322.4,752.603,3763.8,55318.6,3998.24,470.663,7762.04,1223.27,0.860268,0.120709,0.0190232,0.139732,5.74695,0.0926007,4.55439,0.536535,0.972576,0.0361019,10.7112 
45,176,45,75755.2,0,5,131,50,0,5,135,509.896,4065.11,57293.8,4217.66,378.844,86.9544,-0.272841,2.59093,4.08975,21322.4,431.557,3986.77,57142.9,4139.32,300.505,8126.09,732.062,0.865788,0.123121,0.0110917,0.134212,-0.981588,2.23655,3.381,-0.363053,-0.334741,0.549258,2.70371 
46,168,46,71031.2,0,5,131,50,0,5,135,310.169,2131.23,58222.2,2597.42,281.917,34.6338,3.84616,-7.49253,0.89438,21322.4,278.967,2100.02,58162.1,2566.22,250.715,4666.24,529.682,0.917991,0.0736489,0.00836014,0.082009,3.56387,-7.63367,0.612087,0.842314,-0.363844,1.04551,4.23105 
47,180,47,69627.5,0,5,131,50,0,5,135,2914.85,4689.35,46052.5,5195.91,2152.97,-35.6772,3.68198,1.36909,-1.28696,21322.4,2946.99,4721.49,46114.4,5228.05,2185.11,9949.54,5132.1,0.753552,0.162585,0.0838633,0.246448,3.97278,1.51449,-0.996161,1.37611,0.599834,1.55537,2.88696 
48,104,48,76344.9,0,5,131,50,0,5,135,302.556,4052.31,58424.8,4011.25,121.72,141.513,7.46824,-1.06545,1.85178,21322.4,175.065,3924.82,58179.3,3883.76,-5.77126,7808.58,169.293,0.87941,0.118031,0.00255896,0.12059,6.3148,-1.64217,0.698343,0.892426,1.83516,1.30014,7.07599 
49,116,49,79268.3,0,5,131,50,0,5,135,258.835,4183.04,60394.2,4358.42,117.299,137.075,-0.441627,0.809556,-3.0503,21322.4,135.341,4059.55,60156.4,4234.92,-6.19441,8294.47,129.147,0.877171,0.120946,0.00188316,0.122829,-1.5589,0.250921,-4.16757,0.255492,1.39214,-0.124745,-6.10155 
50,128,50,77071.6,0,5,131,50,0,5,135,230.58,4073.8,58917.1,4245.77,187.412,121.547,-3.7501,-3.74958,-5.07559,21322.4,121.077,3964.29,58706.2,4136.27,77.9078,8100.56,198.984,0.876137,0.120894,0.00296966,0.123863,-4.7408,-4.24493,-6.06629,0.417579,0.389566,0.563133,-11.3531 
51,200,51,79069.2,0,5,131,50,0,5,135,295.546,4102.6,60771.6,4221.16,190.081,93.7349,-17.7373,-2.52708,-2.32684,21322.4,211.098,4018.15,60609,4136.71,105.634,8154.86,316.732,0.877366,0.118049,0.00458497,0.122634,-18.5014,-2.90909,-3.09085,0.845955,0.784213,0.634205,-21.8704 
52,156,52,65774.5,0,5,131,50,0,5,135,696.335,1806.86,55095.9,2134.86,911.337,-64.4364,2.84018,-1.20908,-4.51925,21322.4,754.386,1864.91,55207.7,2192.91,969.389,4057.83,1723.78,0.905203,0.0665334,0.0282636,0.094797,3.36539,-0.946472,-3.99404,-3.40586,1.96915,0.303876,-0.988116 
53,144,53,76571.8,0,5,131,50,0,5,135,324.559,3874.03,59373.2,3926.47,231.823,77.4396,7.93618,3.08035,2.07845,21322.4,254.792,3804.26,59238.9,3856.7,162.057,7660.97,416.848,0.880003,0.113805,0.00619235,0.119997,7.30498,2.76476,1.44726,0.822402,0.601564,0.778714,8.88249 
54,172,54,80371.5,0,5,131,50,0,5,135,295.594,4424.48,61422.3,4595.04,133.072,70.199,-6.34357,-2.81964,4.57779,21322.4,232.35,4361.23,61300.5,4531.8,69.8283,8893.03,302.179,0.869564,0.12615,0.00428648,0.130436,-6.91575,-3.10573,4.00561,2.71245,0.559944,3.33499,-2.54963 
55,187,55,62123,0,5,131,50,0,5,135,7983.18,5506.96,29696,6487.78,6481.45,-151.436,-3.31303,-1.70987,-0.12138,21322.4,8119.61,5643.39,29958.8,6624.21,6617.88,12267.6,14737.5,0.525926,0.215357,0.258716,0.474074,-2.0787,-1.09271,1.11294,2.40147,0.520854,2.23668,-0.865595 
56,160,56,74085.9,0,5,131,50,0,5,135,399.606,2074.41,61614.4,2392.45,404.016,-13.2608,0.959663,0.256599,7.54069,21322.4,411.553,2086.35,61637.5,2404.4,415.963,4490.76,827.516,0.92057,0.0670705,0.0123592,0.0794297,1.06775,0.310642,7.64878,0.113531,0.662633,0.0696064,9.40492 
57,160,57,68061.5,0,5,131,50,0,5,135,385.746,2084.97,56728.2,2395.77,544.616,-32.7025,-3.60152,6.69166,-6.94528,21322.4,415.208,2114.43,56784.9,2425.23,574.078,4539.66,989.286,0.911273,0.0728515,0.0158759,0.0887274,-3.33497,6.82493,-6.67873,0.314181,-0.387396,2.13324,-10.6148 
58,160,58,70331.4,0,5,131,50,0,5,135,281.694,2088.72,58026.8,2485.18,493.007,-20.1955,-3.58628,8.75633,-3.50511,21322.4,299.888,2106.91,58061.9,2503.37,511.201,4610.28,811.089,0.914602,0.072622,0.0127764,0.0853985,-3.42167,8.83864,-3.3405,0.484463,-0.284052,1.25813,-7.06282 
59,160,59,73404.8,0,5,131,50,0,5,135,306.228,2291.76,60791.9,2643.33,479.394,-23.126,5.27193,3.1907,-1.34146,21322.4,327.063,2312.6,60832,2664.16,500.228,4976.76,827.291,0.912899,0.0746857,0.0124151,0.0871008,5.46042,3.28494,-1.15297,1.29896,0.487143,1.23538,4.20369 
60,160,60,64918,0,5,131,50,0,5,135,484.885,1809.21,54308.8,2122.86,452.942,-41.1751,-0.539661,5.65785,-2.57338,21322.4,521.981,1846.31,54380.3,2159.95,490.037,4006.26,1012.02,0.915515,0.0674471,0.0170377,0.0844849,-0.204052,5.82565,-2.23777,0.0771981,-0.0204239,1.26346,-2.64322 
61,160,61,71159.4,0,5,131,50,0,5,135,383.156,2004.99,59514.5,2561.25,542.122,-58.5862,13.0868,0.159699,3.61978,21322.4,435.937,2057.77,59616.2,2614.03,594.904,4671.8,1030.84,0.912695,0.0715231,0.0157817,0.0873047,13.5644,0.398461,4.09731,0.752304,0.951106,0.151927,18.0304 
62,160,62,67206.8,0,5,131,50,0,5,135,369.799,1957.85,55802.2,2255.6,393.895,-26.671,-8.16339,3.97566,8.30031,21322.4,393.827,1981.87,55848.5,2279.63,417.923,4261.5,811.75,0.916725,0.0699504,0.0133245,0.0832749,-7.946,4.08436,8.5177,-5.93743,9.95262,0.469021,1.33829 
63,160,63,68119.9,0,5,131,50,0,5,135,374.566,1906.45,56410.5,2284.5,427.533,-42.2799,6.1222,6.96683,-0.395619,21322.4,412.657,1944.54,56483.8,2322.59,465.623,4267.13,878.28,0.91651,0.0692387,0.014251,0.0834897,6.46681,7.13914,-0.0510044,1.00867,0.341071,1.00389,6.41122 
64,160,64,71734.7,0,5,131,50,0,5,135,415.474,2171.62,59139.3,2458.25,485.108,-7.85946,13.0411,-3.34167,-3.01384,21322.4,422.554,2178.7,59152.9,2465.33,492.188,4644.03,914.743,0.914099,0.071765,0.0141357,0.0859007,13.1051,-3.30964,-2.94978,1.32511,1.79197,0.673931,9.88988 
65,160,65,72634.1,0,5,131,50,0,5,135,417.038,2296.11,59912.2,2523.97,526.261,-80.5025,1.24412,0.72837,0.783695,21322.4,489.564,2368.63,60051.9,2596.49,598.787,4965.13,1088.35,0.908427,0.0751092,0.0164639,0.0915731,1.90028,1.05645,1.43985,0.547675,0.506867,0.574756,3.46972 
66,160,66,69817.4,0,5,131,50,0,5,135,299.642,2086.23,57639.5,2447.4,388.063,7.08701,0.476223,7.27461,14.2106,21322.4,293.257,2079.85,57627.2,2441.02,381.679,4520.86,674.936,0.917295,0.0719619,0.0107435,0.0827054,0.418458,7.24572,14.1528,0.0264094,0.0319471,0.485356,15.845 
67,160,67,63297.7,0,5,131,50,0,5,135,499.867,1761.01,52897,1825.42,452.234,-64.7088,3.9589,1.26699,6.88284,21322.4,558.165,1819.3,53009.2,1883.71,510.531,3703.02,1068.7,0.917417,0.0640872,0.0184956,0.0825828,4.48633,1.5307,7.41027,0.357091,0.62614,0.275632,12.5635 
68,160,68,71456,0,5,131,50,0,5,135,393.222,2167.47,59471.4,2380.61,483.362,-30.9016,1.84372,0.447188,2.72632,21322.4,421.062,2195.31,59525,2408.45,511.202,4603.76,932.264,0.91491,0.0707607,0.0143291,0.0850898,2.09559,0.573125,2.97819,0.392299,0.676312,0.261718,5.34182 
69,160,69,68181.8,0,5,131,50,0,5,135,355.702,2021.99,56686,2336.79,549.227,-20.1497,-12.4838,-8.94457,6.9219,21322.4,373.855,2040.14,56720.9,2354.94,567.381,4395.09,941.236,0.91401,0.0708231,0.0151672,0.0859903,-12.3196,-8.86246,7.08614,2.68067,0.442691,1.76694,-4.59572 
70,160,70,63704.2,0,5,131,50,0,5,135,425.144,1739.97,53094.6,2135.93,447.26,-32.1204,-4.06835,-1.0597,-3.72617,21322.4,454.082,1768.91,53150.4,2164.86,476.198,3933.78,930.28,0.916158,0.0678069,0.0160353,0.0838422,-3.80655,-0.928796,-3.46436,0.502004,0.700771,0.330597,-7.5827 
71,160,71,69798.7,0,5,131,50,0,5,135,309.079,2031.64,58137,2417.91,369.862,-55.6613,-5.92105,3.63695,9.61327,21322.4,359.226,2081.78,58233.6,2468.06,420.009,4549.84,779.234,0.91616,0.0715804,0.0122593,0.0838397,-5.46737,3.86379,10.0669,-0.993055,-4.22433,0.414183,5.5056 
72,160,72,71726.5,0,5,131,50,0,5,135,303.299,2192.42,59422.2,2434.35,444.375,-98.5738,5.37567,5.04166,-3.64277,21322.4,392.105,2281.23,59593.3,2523.15,533.182,4804.38,925.287,0.912287,0.0735481,0.0141648,0.0877129,6.17913,5.44339,-2.83932,2.00343,0.393448,1.39501,3.08427 
73,160,73,65019.9,0,5,131,50,0,5,135,264.179,1884.17,54544.9,2105.75,534.495,-74.8908,1.28428,3.49499,0.0428265,21322.4,331.649,1951.64,54674.9,2173.22,601.966,4124.86,933.615,0.915316,0.0690546,0.0156297,0.0846843,1.8947,3.8002,0.653245,0.726848,0.221731,0.914649,2.60674 
74,160,74,65497.9,0,5,131,50,0,5,135,276.93,1824.38,54695.3,2095.23,401.912,-13.987,-3.46989,-8.31963,-2.14176,21322.4,289.531,1836.98,54719.5,2107.83,414.513,3944.81,704.044,0.921695,0.0664463,0.0118589,0.0783052,-3.35589,-8.26263,-2.02776,0.602911,0.188369,0.882438,-5.56614 
75,160,75,69343,0,5,131,50,0,5,135,377.433,2012.64,57586.5,2482.95,516.871,-29.4958,-5.50936,9.32157,-2.38674,21322.4,404.006,2039.21,57637.7,2509.53,543.445,4548.74,947.451,0.912944,0.072049,0.015007,0.087056,-5.26894,9.44177,-2.14633,0.692513,-0.468177,1.14078,-7.60844 
76,160,76,70086,0,5,131,50,0,5,135,382.348,2159.75,58100.9,2344.7,589.541,-28.4546,-0.578602,6.47874,4.07204,21322.4,407.984,2185.38,58150.2,2370.34,615.176,4555.72,1023.16,0.912459,0.0714857,0.0160548,0.0875406,-0.346674,6.5947,4.30396,-0.0797934,-0.0309695,0.738394,4.34465 
77,160,77,66360.6,0,5,131,50,0,5,135,402.038,1800.44,55366.7,2188.54,429.556,-6.2229,6.40613,-1.82815,11.6409,21322.4,407.645,1806.04,55377.5,2194.15,435.162,4000.19,842.807,0.919579,0.0664257,0.0139953,0.0804211,6.45685,-1.80279,11.6916,0.336282,1.95545,-0.396731,19.2007 
78,160,78,61345,0,5,131,50,0,5,135,341.286,1681.42,51482.6,1830.1,397.384,-48.9203,-5.25939,2.79798,13.7272,21322.4,385.359,1725.5,51567.5,1874.18,441.457,3599.67,826.816,0.920947,0.0642868,0.0147662,0.0790529,-4.86065,2.99735,14.1259,-0.461311,-12.6346,0.281027,10.5366 
79,160,79,66216.3,0,5,131,50,0,5,135,313.481,1835.8,55455.4,2028.9,452.528,-73.9541,-2.71715,-3.21358,-3.03732,21322.4,380.108,1902.43,55583.7,2095.53,519.155,3997.96,899.262,0.919029,0.0661028,0.0148685,0.0809714,-2.11437,-2.91219,-2.43453,0.443449,0.293227,0.687844,-4.76801 
80,160,80,64673.2,0,5,131,50,0,5,135,89.4486,1841.29,53928.3,2139.03,191.356,-3.64894,2.27849,-8.57864,0.823104,21322.4,92.736,1844.58,53934.6,2142.32,194.644,3986.89,287.38,0.92657,0.0684929,0.00493704,0.0734299,2.30823,-8.56377,0.852846,0.712894,-0.18206,1.05715,3.23783 
81,160,81,63147.5,0,5,131,50,0,5,135,496.004,1736.92,52270.8,1958.66,398.486,-55.2562,2.79271,4.20542,-10.7918,21322.4,545.786,1786.7,52366.7,2008.44,448.268,3795.14,994.053,0.916208,0.0663999,0.017392,0.0837919,3.24309,4.43061,-10.3414,-0.403919,0.294916,-3.74425,-8.02906 
82,160,82,66135.2,0,5,131,50,0,5,135,354.5,1839.13,55334.3,2029.45,306.935,-34.1017,3.15826,3.07962,-3.42854,21322.4,385.223,1869.86,55393.4,2060.17,337.658,3930.02,722.881,0.922511,0.0654499,0.0120387,0.0774886,3.43621,3.2186,-3.15059,1657.08,0.378907,2.13395,0.00207366 
83,160,83,69563.5,0,5,131,50,0,5,135,412.883,2107.38,57820.5,2334.91,574.408,-50.9871,-2.16675,-3.49528,0.0275642,21322.4,458.818,2153.32,57909,2380.85,620.343,4534.17,1079.16,0.911632,0.0713791,0.0169887,0.0883678,-1.75116,-3.28749,0.443149,1.3809,0.233355,1.07895,-1.26813 
84,160,84,64990.4,0,5,131,50,0,5,135,215.336,1787.53,54449.7,2045.55,415.017,23.231,2.05736,7.61577,3.04259,21322.4,194.406,1766.61,54409.4,2024.62,394.088,3791.23,588.494,0.925501,0.0644886,0.0100103,0.0744989,1.86801,7.52109,2.85324,0.375251,0.124286,0.829228,4.97804 
85,160,85,63242.3,0,5,131,50,0,5,135,204.425,1581.57,53313.5,1974.07,331.155,55.1934,1.50081,-0.0959592,-3.93298,21322.4,154.7,1531.85,53217.8,1924.35,281.43,3456.2,436.13,0.931845,0.0605181,0.00763666,0.0681548,1.05094,-0.320894,-4.38285,-0.282027,2.14752,0.118843,-3.72637 
86,160,86,64260.6,0,5,131,50,0,5,135,241.644,1744.71,53628.3,2120.21,323.936,-27.1137,0.443114,0.289341,-6.48177,21322.4,266.071,1769.14,53675.3,2144.64,348.363,3913.78,614.434,0.9222,0.067243,0.0105567,0.0777997,0.664112,0.39984,-6.26077,-0.107808,0.486946,-0.13333,-6.16013 
