cyc,freq,cyc,ROIsum,fBg,fA1,fWidth1,fCtr1,fA2,fWidth2,fCtr2,box1,box2,box3,box4,box5,box6,box7,box8,box9,Nfit,BZ-2,BZ-1,BZ0,BZ1,BZ2,sumBZ1,sumBZ2,fractionBZ0,fractionBZ1,fractionBZ2,Excited,c5,c7,c9,fraction95,fraction75,fraction97,sum95
0,190,0,54848,0,5,131,50,0,5,135,229.95,3339.2,41090.9,3177.54,158.161,134.48,-3.6727,-4.7532,2.94721,21322.4,108.794,3218.04,40857.6,3056.38,37.0059,6274.42,145.8,0.864202,0.132714,0.0030839,0.133125,-4.76881,-5.30126,1.85109,1.73341,0.339514,1.23389,-2.75112 
1,195,1,52825.3,0,5,131,50,0,5,135,265.217,2972.51,40201.8,2810.97,77.2477,169.516,3.69225,-4.27904,0.00588706,21322.4,112.497,2819.79,39907.7,2658.25,-75.472,5478.05,37.0252,0.878583,0.120601,0.000815125,0.1207,2.31056,-4.96988,-1.3758,2.84924,-0.361776,0.869355,0.810938 
2,210,2,51585.8,0,5,131,50,0,5,135,323.118,1630.26,41920.8,1727.94,90.4262,146.716,0.998168,0.566171,4.65309,21322.4,190.939,1498.08,41666.3,1595.76,-41.7524,3093.84,149.187,0.927787,0.0688908,0.00332196,0.0691204,-0.19768,-0.0317528,3.45724,-0.0553614,0.780581,-0.0172098,3.57071 
3,170,3,53600.4,0,5,131,50,0,5,135,284.765,2972.33,40656.6,2935.01,133.576,152.576,1.12658,-3.66938,2.38032,21322.4,147.307,2834.87,40391.9,2797.55,-3.88236,5632.42,143.424,0.874894,0.121999,0.00310659,0.122379,-0.117037,-4.29119,1.13671,-0.104314,0.0153459,1.16795,1.12197 
4,185,4,51880.7,0,5,131,50,0,5,135,265.47,3047.38,39237.6,2800.15,117.47,125.58,0.139052,0.964789,-3.41964,21322.4,152.333,2934.24,39019.7,2687.01,4.33228,5621.25,156.665,0.871022,0.125481,0.00349718,0.125921,-0.884526,0.453,-4.44322,0.154431,9.63779,-0.231236,-5.72763 
5,220,5,52424.9,0,5,131,50,0,5,135,392.082,2806.37,40249.2,2638.06,214.114,54.0658,-2.16262,-6.15283,-1.10886,21322.4,343.373,2757.67,40155.4,2589.35,165.405,5347.01,508.778,0.872731,0.116211,0.0110577,0.117511,-2.6033,-6.37317,-1.54954,0.606505,0.189243,0.883402,-4.29229 
6,160,6,52080.2,0,5,131,50,0,5,135,237.947,3148.84,39540.2,3092.95,77.0036,145.07,7.01742,1.35098,-0.505533,21322.4,107.251,3018.15,39288.5,2962.26,-53.6923,5980.41,53.5586,0.866866,0.131952,0.00118172,0.132108,5.83499,0.759768,-1.68797,1.46053,0.814421,-4.853,3.9951 
7,205,7,50459.7,0,5,131,50,0,5,135,232.295,2043,39875.6,2138.94,171.315,56.4808,6.77228,7.05714,3.68611,21322.4,181.41,1992.11,39777.6,2088.06,120.43,4080.17,301.84,0.900769,0.0923961,0.00683522,0.093032,6.31192,6.82696,3.22575,0.64224,0.345686,0.795861,9.82798 
8,155,8,52795.8,0,5,131,50,0,5,135,279.786,3220.76,39375,3142.21,104.529,87.5031,-9.86003,-1.798,-4.54623,21322.4,200.953,3141.93,39223.2,3063.38,25.6957,6205.31,226.648,0.859119,0.135917,0.00496436,0.136595,-10.5733,-2.15461,-5.25944,0.648425,0.737129,0.430085,-16.306 
9,225,9,52177.3,0,5,131,50,0,5,135,509.536,2948.99,38835.4,2925.36,383.304,38.7549,5.62158,-1.67705,2.99771,21322.4,474.621,2914.08,38768.2,2890.44,348.389,5804.52,823.01,0.854005,0.127865,0.0181297,0.130226,5.30569,-1.83499,2.68183,0.644765,2.5332,4.83985,8.22888 
10,175,10,55017.4,0,5,131,50,0,5,135,263.686,3101.1,41584.8,3176.16,206.689,117.287,-10.6958,5.07929,-3.56131,21322.4,158.02,2995.43,41381.3,3070.49,101.024,6065.92,259.044,0.867418,0.127152,0.00542998,0.127846,-11.6518,4.6013,-4.51729,0.702947,3.23704,2.14108,-16.5756 
11,250,11,53412.1,0,5,131,50,0,5,135,295.515,2866.54,40979.1,2815.58,120.422,87.2587,-5.28091,-2.97185,-10.1811,21322.4,216.902,2787.93,40827.7,2736.97,41.8091,5524.9,258.711,0.875918,0.118531,0.00555039,0.119193,-5.99213,-3.32746,-10.8923,0.335417,0.507155,0.360099,-17.8647 
12,240,12,34617.2,0,5,131,50,0,5,135,687.691,3247.04,22803.2,2972.43,530.436,-7.12881,11.2676,1.20145,-4.37763,21322.4,694.114,3253.46,22815.6,2978.85,536.858,6232.31,1230.97,0.753515,0.205831,0.0406545,0.214553,11.3257,1.2305,-4.31953,1.7115,0.840243,-1.10419,6.61742 
13,230,13,48691.9,0,5,131,50,0,5,135,785.869,3232.25,35371.2,3159.31,521.836,100.018,1.74597,-1.32809,-4.13327,21322.4,695.761,3142.15,35197.7,3069.2,431.728,6211.35,1127.49,0.82747,0.146024,0.0265064,0.15,0.930742,-1.7357,-4.9485,-0.208541,-0.441793,0.392513,-4.46312 
14,245,14,54137.8,0,5,131,50,0,5,135,361.184,3339.35,40613.5,3137.23,148.467,27.6733,7.3825,6.85791,1.93662,21322.4,336.253,3314.42,40565.5,3112.3,123.535,6426.72,459.788,0.854874,0.135436,0.00968954,0.136761,7.15694,6.74513,1.71106,0.793276,0.377457,0.87896,9.022 
15,150,15,54716.3,0,5,131,50,0,5,135,340.452,3436.12,40369.4,3290.63,183.821,45.6257,-1.90799,-0.402552,-3.26062,21322.4,299.347,3395.02,40290.2,3249.53,142.716,6644.54,442.064,0.85042,0.140249,0.0093308,0.14157,-2.27988,-0.588495,-3.63251,0.365406,0.688838,0.229843,-6.23931 
16,165,16,54124,0,5,131,50,0,5,135,339.672,3230.31,40764.3,3172.17,190.632,33.7173,-3.03976,-6.63748,-2.02833,21322.4,309.295,3199.94,40705.8,3141.79,160.256,6341.73,469.551,0.856656,0.133462,0.00988173,0.134794,-3.31458,-6.77489,-2.30315,0.569025,0.218487,0.844205,-5.82502 
17,180,17,52770.7,0,5,131,50,0,5,135,283.259,3159.56,39436.3,3055.25,182.863,62.9427,3.76255,1.25871,-5.66253,21322.4,226.553,3102.86,39327.1,2998.55,126.157,6101.4,352.71,0.859023,0.133273,0.00770425,0.134308,3.24952,1.00219,-6.17556,-0.933277,0.649468,-0.426419,-3.48184 
18,215,18,47820.6,0,5,131,50,0,5,135,223.492,1226.72,38832.6,1464.38,164.175,133.027,4.64755,0.509548,-0.415692,21322.4,103.645,1106.88,38601.8,1344.53,44.3285,2451.41,147.974,0.93691,0.0594985,0.00359149,0.059713,3.56328,-0.0325899,-1.49997,1.84787,1.01627,0.0384833,1.92831 
19,200,19,51370.3,0,5,131,50,0,5,135,408.863,2635.6,39146.3,2572.48,97.9156,149.742,-7.18847,-3.20333,0.800698,21322.4,273.958,2500.7,38886.4,2437.58,-36.9895,4938.27,236.969,0.882546,0.112076,0.00537811,0.112682,-8.40899,-3.81359,-0.419818,0.94839,0.557523,0.94361,-8.86659 
20,235,20,41796.1,0,5,131,50,0,5,135,923.169,3073.19,28930.4,3078.08,768.158,3.57968,-6.47829,-2.84809,-7.80496,21322.4,919.944,3069.96,28924.2,3074.85,764.933,6144.81,1684.88,0.78697,0.167188,0.0458422,0.175221,-6.50747,-2.86268,-7.83414,0.432485,0.565023,0.402316,-15.0467 
21,229,21,47053.5,0,5,131,50,0,5,135,702.918,3364.42,33570.9,3242.44,393.303,135.725,-4.13869,2.62307,-0.764454,21322.4,580.641,3242.14,33335.4,3120.17,271.026,6362.31,851.667,0.822094,0.156903,0.0210032,0.160269,-5.24496,2.06994,-1.87072,0.720062,3.2325,1.96313,-7.28404 
22,227,22,48858.2,0,5,131,50,0,5,135,425.487,3230.41,35768.7,3181.08,344.495,117.049,1.07902,0.24085,-4.23929,21322.4,320.035,3124.96,35565.6,3075.63,239.043,6200.59,559.078,0.840292,0.146499,0.0132091,0.14846,0.124974,-0.236172,-5.19334,-0.0225757,-0.433445,0.0772964,-5.53577 
23,222,23,54309,0,5,131,50,0,5,135,432.031,3459.55,40271.2,3258.63,208.109,93.7902,-3.28382,11.3642,4.4193,21322.4,347.534,3375.05,40108.4,3174.13,123.612,6549.18,471.147,0.851039,0.138964,0.00999701,0.140367,-4.04829,10.982,3.65483,62.7455,-0.266859,0.846981,-0.0645192 
24,260,24,57281.5,0,5,131,50,0,5,135,328.003,3338,43409.2,3233.94,132.492,47.3984,6.11792,1.08914,-15.1678,21322.4,285.301,3295.3,43327,3191.24,89.7896,6486.54,375.091,0.863283,0.129243,0.00747362,0.130216,5.73159,0.895977,-15.5541,-0.510726,0.785198,-0.118709,-11.2224 
25,270,25,50849.4,0,5,131,50,0,5,135,323.385,3069.91,38514.6,2849.59,270.216,89.5746,-7.30587,-1.19361,-7.52641,21322.4,242.686,2989.21,38359.2,2768.89,189.516,5758.1,432.202,0.861047,0.129252,0.00970161,0.130518,-8.03597,-1.55866,-8.25652,0.471717,0.746586,0.258023,-17.0356 
26,280,26,50100.5,0,5,131,50,0,5,135,274.315,3100.45,37238.9,2950.38,228.856,89.1234,4.46708,2.11141,3.66238,21322.4,194.022,3020.16,37084.2,2870.09,148.563,5890.25,342.586,0.856111,0.13598,0.00790879,0.137064,3.74066,1.7482,2.93596,0.538933,0.550097,0.523098,6.94085 
27,290,27,52402.4,0,5,131,50,0,5,135,366.367,3225.77,39511.5,3022.6,187.71,-24.1777,-3.00724,-1.65706,-13.7989,21322.4,388.149,3247.55,39553.4,3044.38,209.492,6291.94,597.641,0.851655,0.135477,0.0128683,0.137243,-2.81017,-1.55853,-13.6018,0.159341,0.507471,0.174286,-17.6362 
28,255,28,48021,0,5,131,50,0,5,135,278.6,3022.44,35827.9,2772.13,165.963,158.434,-0.973921,-2.1551,-10.238,21322.4,135.864,2879.7,35553,2629.39,23.2271,5509.09,159.092,0.862494,0.133647,0.00385946,0.134165,-2.26528,-2.80078,-11.5294,0.152726,0.316086,0.309151,-14.8323 
29,265,29,53675.9,0,5,131,50,0,5,135,205.281,2825.66,41188.6,2967.27,139.19,30.2558,7.92069,-0.642399,-1.23073,21322.4,178.023,2798.4,41136.1,2940.01,111.932,5738.41,289.955,0.872184,0.121668,0.00614775,0.122421,7.67408,-0.765704,-1.47734,1.26556,1.21155,0.488428,6.06378 
30,140,30,48404.2,0,5,131,50,0,5,135,333.596,2944.21,36297.4,2882.23,126.445,-10.8418,4.35786,-10.6524,-0.23965,21322.4,343.363,2953.98,36316.2,2891.99,136.212,5845.97,479.575,0.851658,0.137095,0.0112466,0.138654,4.44623,-10.6082,-0.15128,1.03851,-0.31493,0.992318,4.28133 
31,130,31,50933.1,0,5,131,50,0,5,135,205.036,2968.01,38618.8,2798.43,80.7761,84.3806,-0.417469,0.654006,-2.96916,21322.4,129.016,2891.99,38472.3,2722.41,4.75617,5614.4,133.773,0.870011,0.126964,0.00302512,0.127349,-1.10524,0.310122,-3.65693,0.217084,1.96478,-0.18514,-5.09129 
32,120,32,53924.5,0,5,131,50,0,5,135,307.249,3307.29,40796.1,2959.22,213.792,36.4806,3.79021,-7.2532,0.884592,21322.4,274.383,3274.42,40732.8,2926.35,180.926,6200.78,455.309,0.859543,0.130849,0.00960794,0.132118,3.49286,-7.40187,0.587246,0.845124,-0.369208,1.04501,4.13296 
33,110,33,53248.9,0,5,131,50,0,5,135,387.175,3112.19,40235.1,3016.88,231.741,34.2098,-1.73584,-1.69846,-6.53688,21322.4,356.355,3081.37,40175.7,2986.06,200.921,6067.44,557.276,0.858448,0.129645,0.0119075,0.131207,-2.01468,-1.83788,-6.81572,0.213333,0.385144,0.331877,-9.44381 
34,100,34,52949.6,0,5,131,50,0,5,135,350.822,3189.78,39719.5,3092.37,168.216,30.0396,9.16582,-1.52329,2.80879,21322.4,323.759,3162.72,39667.4,3065.3,141.153,6228.02,464.912,0.855632,0.134339,0.0100282,0.1357,8.92098,-1.64571,2.56394,0.761457,1.47674,6.48283,11.7157 
35,100,35,52184.3,0,5,131,50,0,5,135,294.394,3127.95,39350.3,3051.79,183.235,58.8106,-7.88454,0.462805,-10.5803,21322.4,241.41,3074.96,39248.2,2998.81,130.252,6073.77,371.662,0.858943,0.132924,0.00813377,0.134014,-8.36389,0.223128,-11.0596,0.409615,1.04897,-0.038599,-20.4189 
36,100,36,54595.9,0,5,131,50,0,5,135,373.419,3233.84,41025.2,3068.86,230.84,-29.4592,-6.71982,3.5833,4.01527,21322.4,399.959,3260.38,41076.3,3095.4,257.381,6355.78,657.34,0.854165,0.132166,0.0136691,0.133998,-6.4797,3.70335,4.25538,3.51902,-5544.18,0.615848,-1.84134 
37,100,37,51458.2,0,5,131,50,0,5,135,355.439,3074.77,38602.9,2925.82,203.053,61.706,-14.1093,-0.0407904,-2.31621,21322.4,299.847,3019.18,38495.8,2870.22,147.461,5889.41,447.309,0.858658,0.131364,0.00997732,0.132688,-14.6123,-0.292267,-2.81916,0.826245,0.966181,0.160351,-17.6851 
38,100,38,49745.7,0,5,131,50,0,5,135,242.22,2965.55,37384.7,2844.75,267.895,18.0106,-5.11502,-6.35536,-3.28798,21322.4,225.993,2949.32,37353.5,2828.53,251.669,5777.85,477.663,0.856555,0.132492,0.0109533,0.133959,-5.26182,-6.42876,-3.43478,0.584275,0.318663,0.77517,-9.00572 
39,100,39,52208.7,0,5,131,50,0,5,135,403.048,3075.55,39528.5,2925.02,242.602,43.5195,-9.67825,2.79314,-2.89163,21322.4,363.841,3036.34,39453,2885.81,203.394,5922.15,567.235,0.858749,0.128904,0.0123467,0.130515,-10.033,2.61578,-3.24634,0.739268,1.8391,3.06485,-13.5715 
40,100,40,54075,0,5,131,50,0,5,135,286.732,2953.06,41065.7,2864.32,260.712,91.6949,3.0795,-5.64313,-14.3965,21322.4,204.122,2870.45,40906.6,2781.71,178.102,5652.16,382.224,0.871447,0.12041,0.00814266,0.121398,2.33211,-6.01682,-15.1439,-0.164526,-0.284497,0.422595,-14.1747 
41,100,41,49044,0,5,131,50,0,5,135,346.47,3111.99,36694.6,2881.89,267.282,-4.20308,-7.24113,-1.1507,-16.3805,21322.4,350.256,3115.78,36701.9,2885.68,271.069,6001.46,621.325,0.847136,0.138523,0.0143411,0.140538,-7.20687,-1.13357,-16.3462,0.287995,0.784155,0.113275,-25.0242 
42,100,42,50387,0,5,131,50,0,5,135,347.78,3120.83,37436.7,2873.96,192.928,124.172,1.50734,-1.89212,-5.5996,21322.4,235.911,3008.96,37221.2,2762.09,81.059,5771.05,316.97,0.859429,0.133252,0.00731876,0.134234,0.495236,-2.39818,-6.61171,-0.0737889,-0.133791,0.400538,-6.71152 
43,100,43,53077.9,0,5,131,50,0,5,135,323.255,3359.14,39711,3076.86,218.462,-12.3961,-4.35957,-1.43358,3.87026,21322.4,334.423,3370.31,39732.5,3088.03,229.63,6458.33,564.053,0.849804,0.138132,0.0120641,0.139819,-4.25853,-1.38306,3.9713,-60.6804,0.63761,-1.78972,0.0701797 
