cyc,freq,cyc,ROIsum,fBg,fA1,fWidth1,fCtr1,fA2,fWidth2,fCtr2,box1,box2,box3,box4,box5,box6,box7,box8,box9,Nfit,BZ-2,BZ-1,BZ0,BZ1,BZ2,Excited,c5,c7,c9,fraction95,fraction75,fraction97,sum95,two2D_bg,two2D_a1,two2D_sh1,two2D_sv1,two2D_ch1,two2D_cv1,two2D_a2,two2D_sh2,two2D_sv2,two2D_ch2,two2D_cv2,two2D_chd,two2D_cvd
0,47.9259,0,9434.08,0.00381396,20.0565,11.2593,116.744,-0.00404591,-22.257,7.84617e-10,-4.90055,-4.4848,-5.33106,0.1937,-2.60285,-72.3425,151.068,90.2112,10281.3,7354.17,-4.44503,-4.02928,-4.42001,0.649221,-2.14733,0.692893,208.692,95.4497,10338.9,0.0197857,0.555432,0.0167221,10547.6,-0.000747681,-0.0155939,13.8548,7.23678,109.526,72.4165,0.920961,11.3666,12.1854,116.043,135.25,-6.51792,-62.8331 
1,48.1259,1,10267.1,-0.100421,21.6935,11.5979,116.75,-0.000146348,306.232,0.000518821,-1.15702,-3.39408,-7.7153,-1.5704,-1.03525,-21.3402,724.948,82.2474,10696.8,8191.82,-1.02265,-3.2597,-7.44655,-1.43603,-0.900881,0.470592,741.946,83.7927,10713.8,0.0647663,0.834976,0.0142025,11455.8,-0.00140527,0.0766187,11.4968,12.4019,117.222,90.8959,0.9047,11.8117,12.5781,115.998,135.753,1.22424,-44.8568 
2,47.5259,2,9884.65,-0.277286,21.4526,11.4741,116.549,0.204589,-618.217,423.221,-1.89372,-4.1835,-11.0485,-4.1783,-3.81149,-156.807,108.752,91.9606,10946,12130.4,-0.906352,-3.19613,-9.07375,-3.19093,-2.82412,0.527194,233.654,103.315,11071,0.0206689,0.563761,0.0169002,11304.6,-0.0010502,-0.0138997,14.9104,6.90948,104.871,76.9288,0.97961,11.568,12.1027,115.863,135.373,-10.9921,-58.444 
3,47.6259,3,10715.1,-0.0155301,22.198,11.4185,116.56,0.00508963,13.8557,7.30455e-12,-4.33425,-5.20656,-3.5432,-1.11133,-0.671806,-82.2602,74.6625,101.462,11534.7,8253.48,-3.81628,-4.68859,-2.50726,-0.593357,-0.153835,0.786786,140.186,107.419,11600.3,0.0119404,0.427176,0.0167719,11740.4,-0.000786198,-0.012159,16.6922,8.2043,111.402,76.5499,1.01382,11.5473,12.2914,115.827,135.577,-4.42449,-59.0271 
4,47.7259,4,11333.3,-0.273299,23.8813,11.6061,116.518,0.0250891,-82.0038,231.93,-3.46303,-2.37494,-1.9415,-0.312921,-3.77099,-67.7812,178.705,164.108,12148.5,9089.75,-3.03623,-1.94814,-1.0879,0.113879,-3.34419,0.883054,232.696,169.016,12202.5,0.0187127,0.440316,0.0248801,12435.2,-0.000790788,-0.0142949,15.5308,9.85389,114.137,72.0397,1.05423,11.5584,12.4788,115.866,135.524,-1.72834,-63.4843 
5,48.3259,5,8174.88,-0.213946,18.1249,11.1356,117.305,-0.0434657,244.138,497.829,-1.18433,0.12781,2.10648,1.01701,-3.62322,-153.078,4788.74,28.4835,4385.22,6915.76,-0.220438,1.0917,4.03426,1.9809,-2.65932,0.0456209,4910.67,39.5682,4507.15,0.521423,0.986095,0.0159144,9417.83,-0.000980659,0.557689,10.963,-9.76458,116.814,87.5026,0.409954,11.5228,11.4523,116.584,135.714,0.230343,-48.2111 
6,47.4259,6,10993.9,-0.268954,23.3583,11.5292,116.556,0.0859441,-267.226,7.96665,-2.14889,-2.33605,-8.547,-4.89481,-3.25721,-206.94,139.129,103.893,11925.4,9514.36,-0.84585,-1.033,-5.94091,-3.59177,-1.95416,0.555511,303.964,118.878,12090.2,0.0245247,0.593679,0.0177904,12394.2,-0.000838869,-0.0121198,21.5865,7.5907,116.16,74.4613,1.04885,11.4088,12.3987,116.005,135.885,0.155392,-61.4241 
7,48.1759,7,10439.9,-0.0914498,21.7096,11.6745,116.734,0.0206276,-54.5944,3.67393e-08,-2.78422,-1.93224,-0.34447,-5.14453,-0.0608478,-86.7719,294.493,113.263,11213.2,8287.24,-2.23784,-1.38586,0.748288,-4.59815,0.485532,1.10708,363.61,119.546,11282.3,0.0312221,0.634777,0.019145,11645.9,-0.000800322,-0.0116402,16.0606,7.62073,114.854,71.4781,0.967026,11.7968,12.3141,116.023,136.04,-1.16894,-64.5619 
8,48.2759,8,10750.8,-0.226577,22.5782,11.4809,116.61,0.193413,-222.486,280.74,-4.6088,-5.05468,-0.688279,-3.39953,-4.9394,-137.547,634.879,129.608,11032.5,9839.22,-3.74271,-4.18858,1.04392,-2.53343,-4.0733,1.07736,744.44,139.568,11142.1,0.0626289,0.75296,0.0225541,11886.5,-0.00116985,0.0490604,13.1651,17.9459,117.885,98,0.992721,11.4772,11.9718,115.987,136.083,1.89888,-38.0825 
9,47.8759,9,11183.4,-0.202896,22.6307,11.7508,116.565,-0.0144913,-166.052,118.009,-5.06984,-1.9915,-3.6144,-1.29228,-5.57854,-87.0069,304.463,119.862,11721.3,8735.19,-4.52198,-1.44364,-2.51868,-0.744419,-5.03068,0.823367,373.767,126.162,11790.6,0.0307263,0.628655,0.0193299,12164.4,-0.000546852,-0.0111026,25.4185,6.478,103,75.6722,0.995611,11.8237,12.4422,115.814,136.091,-12.8145,-60.4192 
10,48.3759,10,8892.78,-0.0126706,19.4728,11.0663,117.197,-0.00693899,-22.1885,500,-2.89507,-1.85761,-7.2419,-2.80116,-3.83657,-207.391,3400.96,75.7054,6561.62,7019.95,-1.58918,-0.551718,-4.63013,-1.49527,-2.53068,0.571165,3566.16,90.7231,6726.82,0.346465,0.957378,0.0242418,10293,-0.00103087,0.384003,10.7198,10.1645,117.069,87.4807,0.595444,11.5541,11.8392,116.339,135.609,0.729817,-48.1287 
11,47.8259,11,12206,-0.131074,25.3151,11.3029,116.263,0.0661551,17.0903,1.47635,-6.70698,-5.30426,-9.51099,-3.74996,-3.6493,-172.542,219.803,123.89,12822.2,9351.37,-5.62053,-4.21781,-7.33809,-2.66351,-2.56286,0.672448,357.239,136.385,12959.6,0.0268261,0.599483,0.0190173,13316.8,-0.000592551,-0.00795222,-27.3044,-9.27555,142.944,57.4075,1.15574,11.384,12.1476,115.703,135.885,27.2411,-78.477 
12,47.3759,12,11218.1,-0.0127625,23.935,-10.952,116.742,-0.0194726,30.8175,500,-6.31756,-3.30502,-7.27542,-4.53133,-2.83608,-226.885,143.124,70.7227,12079.8,8552.9,-4.88892,-1.87638,-4.41815,-3.10269,-1.40745,0.718474,323.846,87.152,12260.5,0.025734,0.679832,0.0129251,12584.4,-0.000799387,-0.0157545,21.3797,5.72033,103,77.5022,1.12228,11.2276,11.9442,116.077,135.646,-13.0771,-58.1439 
13,48.2259,13,9863.74,-0.0212114,21.3225,11.138,116.75,0.0058115,4.75207,500,-1.77594,-4.74516,-3.48035,0.144305,-2.77125,-61.4295,1404.18,79.4951,9507.89,7732.02,-1.38914,-4.35836,-2.70674,0.53111,-2.38444,0.737403,1453.11,83.9434,9556.82,0.131982,0.908188,0.0159227,11009.9,-0.00110109,0.156389,10.3712,10.9519,116.928,88.8314,0.874765,11.4442,11.8275,116.028,135.497,0.899465,-46.6651 
14,47.9759,14,10786.6,-0.204771,22.9343,11.3384,116.779,0.071112,-53.0253,500,-3.04351,-5.80377,-5.61868,-4.3104,-5.65042,-134.08,371.861,92.8712,11411.9,8587.84,-2.19925,-4.95951,-3.93016,-3.46614,-4.80615,0.797009,478.66,102.58,11518.7,0.0398973,0.727253,0.0161402,11997.3,-0.00055959,-0.0119918,22.5595,5.49677,103,73.559,1.02739,11.396,12.0811,116.058,135.284,-13.0579,-61.7254 
15,47.7759,15,10141.8,-0.247204,21.1692,11.7307,116.756,-0.0585863,286.968,206.699,-3.04802,-2.79978,-6.95482,-3.74818,-5.37367,-143.151,88.0894,49.9485,11096.1,8631.24,-2.14664,-1.8984,-5.15205,-2.8468,-4.47228,0.68806,202.114,60.3144,11210.1,0.0177103,0.656931,0.0098139,11412.2,-0.000946361,-0.0121206,13.4394,8.51716,108.629,73.8694,0.948585,11.8259,12.3744,116.023,135.645,-7.39434,-61.7759 
16,48.0759,16,9929.7,-0.0918673,20.1266,11.7143,117.032,0.144288,20.1896,1.09556e-06,-1.89816,-5.11237,-4.69216,-0.938584,-4.78319,-193.14,563.566,44.2308,10235.2,7769.93,-0.682005,-3.89622,-2.25986,0.277569,-3.56703,0.77686,717.409,58.2166,10389.1,0.0645937,0.875649,0.010217,11106.5,-0.00107103,0.0532462,12.7522,12.1579,117.046,92.4016,0.874926,11.9497,12.2718,116.297,135.895,0.749657,-43.4933 
17,47.6759,17,10490.5,-0.235303,22.096,11.5203,116.939,-0.0455073,-285.364,141.302,-2.36756,-4.66483,-7.12417,-1.85034,-3.86169,-224.871,82.5436,56.2582,11449.1,8709.28,-0.951604,-3.24888,-4.29226,-0.434387,-2.44573,0.622587,261.662,72.5417,11628.2,0.0220071,0.673328,0.0113613,11889.9,-0.000937553,-0.0188588,9.15921,8.10609,109.036,72.8411,1.00416,11.6015,12.2731,116.225,135.775,-7.18856,-62.934 
18,48.0259,18,8629.28,-0.198524,17.9696,11.6839,116.661,0.582661,-301.401,389.943,-0.835202,-3.67723,-1.42988,-1.7717,-5.075,-137.01,340.886,53.4296,9234.27,12551.5,0.0275137,-2.81452,0.295554,-0.908984,-4.21229,1.03882,450.02,63.3509,9343.4,0.0459512,0.80234,0.0123359,9793.42,-0.000647041,-0.00985586,25.4049,4.61658,103,75.4353,0.779002,11.8198,12.5874,115.939,136.56,-12.9391,-61.1243 
19,47.5759,19,10113.6,-0.153017,20.9083,11.6576,116.87,0.0900748,-48.6396,1.84938e-07,-4.03456,-5.71759,-6.27859,-1.04131,-0.738237,-128.963,202.375,65.6014,10823.5,8077.18,-3.22251,-4.90555,-4.65451,-0.229263,0.0738057,0.640246,305.098,74.9399,10926.3,0.0271649,0.699377,0.0124768,11231.4,-0.000647825,-0.0169892,14.6498,6.09813,103.489,77.0249,0.958647,11.6455,12.0437,116.151,135.633,-12.6624,-58.6085 
20,47.4759,20,11167.1,-0.0265406,23.043,11.3911,116.705,0.00734499,-0.52013,3.74305e-10,-5.63128,-1.00732,-6.60141,-3.27639,-4.52151,-102.667,107.151,81.0604,11959.8,8544.87,-4.98481,-0.360854,-5.30847,-2.62992,-3.87504,0.690632,188.929,88.4948,12041.6,0.0154474,0.549541,0.013357,12230.5,-0.000782914,-0.0137013,14.1727,9.09907,111.376,73.9236,1.06941,11.5377,12.1157,115.963,135.405,-4.58715,-61.4813 
