cyc,freq,cyc,ROIsum,fBg,fA1,fWidth1,fCtr1,fA2,fWidth2,fCtr2,box1,box2,box3,box4,box5,box6,box7,box8,box9,Nfit,BZ-2,BZ-1,BZ0,BZ1,BZ2,Excited,c5,c7,c9,fraction95,fraction75,fraction97,sum95,two2D_bg,two2D_a1,two2D_sh1,two2D_sv1,two2D_ch1,two2D_cv1,two2D_a2,two2D_sh2,two2D_sv2,two2D_ch2,two2D_cv2,two2D_chd,two2D_cvd
0,46.9227,0,7936.46,-0.0633178,19.6372,10.1057,117.446,-0.118884,61.5361,499.878,-2.92585,-8.84488,-8.66973,-3.21595,-4.05186,-139.528,362.013,35.5358,8780.5,6698.28,-2.04728,-7.96631,-6.91258,-2.33738,-3.17328,0.691909,473.153,45.6394,8891.64,0.0505246,0.855577,0.00936667,9364.8,-0.0012072,0.0472105,9.89157,14.0511,118.568,92.2111,0.99929,10.2423,10.4992,116.804,134.835,1.76384,-42.6238 
1,46.9727,1,7947.29,-0.0591259,19.3302,10.1012,117.637,-0.0452561,32.3005,500,-2.32306,-4.19808,-5.79964,2.34313,-1.17208,-31.1642,456.624,25.4835,8580.54,6403.89,-2.12682,-4.00184,-5.40718,2.53936,-0.975844,0.457782,481.448,27.7402,8605.37,0.0529831,0.908404,0.00590315,9086.82,-0.00100865,0.0716692,-8.70593,10.6825,117.864,89.459,1.00935,10.2513,10.1219,116.965,134.735,0.899293,-45.2756 
2,47.0227,2,8643.65,-0.0176356,20.2347,10.4239,117.465,0.0078843,12.9778,500,-7.42215,-5.57772,-5.59375,-2.56764,-2.39949,-73.3798,702.614,63.1406,9062.25,6869.66,-6.9601,-5.11567,-4.66965,-2.10559,-1.93744,0.775373,761.063,68.4542,9120.7,0.0770169,0.864002,0.0136371,9881.77,-0.00099885,0.0934305,9.28948,10.4548,117.543,89.2009,0.974913,10.5074,10.8087,116.739,136.239,0.803586,-47.0379 
3,47.0727,3,8890.27,-0.275157,21.4775,10.4441,117.647,0.407235,-316.395,356.683,-5.8936,-7.73249,-8.316,-3.69233,-6.86805,-120.407,1075.82,63.4578,8997.75,11496.5,-5.13543,-6.97431,-6.79965,-2.93416,-6.10987,0.756751,1171.73,72.1767,9093.66,0.114144,0.902692,0.0144102,10265.4,-0.00103153,0.137029,10.0724,10.2077,117.261,87.386,0.974342,10.4541,10.7191,116.978,134.52,0.282416,-47.1338 
4,46.7727,4,8647.67,-0.0231621,20.4228,10.1925,117.632,-0.0196433,38.7754,500,-6.71328,-7.10846,-6.00947,-8.22531,-4.10997,-162.689,239.439,64.6115,9470.89,6801.08,-5.68888,-6.08405,-3.96066,-7.2009,-3.08557,0.847784,369.026,76.3922,9600.47,0.0370155,0.73407,0.0144461,9969.5,-0.000647536,-0.0133794,9.72607,2.0228,105.975,76.0072,1.07049,10.321,10.4297,117.016,134.893,-11.0418,-58.8853 
5,47.1227,5,9456.26,-0.0939519,22.0076,10.5117,117.576,0.0580518,118.941,1.75235,-6.51963,-3.41025,-15.0493,-1.21228,-5.96114,-130.786,1597.93,43.1821,8993.46,7755.54,-5.69611,-2.58673,-13.4022,-0.388755,-5.13762,0.507478,1702.11,52.6527,9097.63,0.157606,0.948646,0.0105487,10799.7,-0.0010932,0.213046,9.91039,9.48612,117.073,86.8614,0.933465,10.8,11.0139,116.935,134.729,0.137864,-47.8675 
6,46.8227,6,8498.03,-0.0468274,20.3083,10.2701,117.595,0.184849,-104.319,500,-8.87646,-3.25095,-2.58457,-5.23454,-3.20597,-177.279,254.446,53.7304,9381.15,7417.33,-7.76018,-2.13467,-0.352011,-4.11826,-2.08969,0.978607,395.656,66.5676,9522.36,0.0398926,0.77254,0.0127138,9918.02,-0.00117475,0.0310734,12.0337,-17.1616,119.496,97.9997,1.05309,10.4652,10.3474,116.949,134.349,2.54693,-36.3489 
7,46.2727,7,8005.42,-0.2382,19.702,10.197,117.517,0.219114,-141.676,119.494,-8.71332,-5.35836,-9.40666,-5.94023,-2.40381,-185.941,93.1499,34.3126,9088.65,7550.59,-7.5425,-4.18754,-7.06501,-4.76941,-1.23299,0.715091,241.259,47.7771,9236.76,0.0254546,0.742635,0.00943834,9478.02,-0.000885172,-0.00144578,7.32886,0.690354,113.091,74.496,1.06318,10.1243,10.2596,116.913,134.87,-3.82246,-60.3741 
8,46.6727,8,7706.89,-0.00942022,18.9674,10.1108,117.561,0.0158363,16.1191,500,-5.30217,-6.14417,-1.63547,-2.72808,-5.36187,-131.551,79.1491,34.6687,8905.3,6251.25,-4.47383,-5.31583,0.0212051,-1.89974,-4.53353,1.00131,183.934,44.1946,9010.09,0.0200058,0.703987,0.00895465,9194.02,-0.000950855,-0.00823253,-12.8513,-10.0864,123.627,65.9994,1.01263,10.3811,10.342,116.959,134.393,6.66816,-68.3936 
9,46.8727,9,8004.69,-0.0155479,19.7561,10.0132,117.479,0.0173068,-62.7409,500,-4.60082,-4.53862,-7.37598,0.821123,-2.36094,-116.954,282.401,47.9976,8982.59,6475.12,-3.86439,-3.80219,-5.90312,1.55755,-1.62451,0.567114,375.559,56.4665,9075.74,0.0397363,0.791692,0.0113311,9451.3,-0.000744385,-0.0170856,0.0508298,23.6413,118.308,86.9524,1.00922,10.2515,10.4806,116.814,134.677,1.49365,-47.725 
10,46.4227,10,8352.58,-0.209064,20.4456,10.0334,117.578,0.0204675,243.717,391.207,-1.53872,-5.36535,-8.16079,-3.31195,-2.13014,17.4589,16.3096,49.307,9346.25,6840.33,-1.64865,-5.47528,-8.38065,-3.42188,-2.24007,0.604061,2.40292,48.0428,9332.34,0.000257417,0.0277866,0.00939405,9334.74,-0.000673051,-0.0104455,21.5418,9.5179,113.751,74.7501,1.08534,10.1824,10.3017,116.965,134.59,-3.21426,-59.8403 
11,46.5727,11,8921.24,-0.225394,20.968,10.4608,117.604,-0.885173,296.714,472.023,-2.96077,-3.69769,-9.265,-3.83573,-1.74456,-104.936,60.8379,31.135,9907.92,15690.2,-2.30002,-3.03694,-7.94349,-3.17497,-1.08381,0.547101,144.423,38.7336,9991.5,0.0142487,0.680577,0.00709058,10135.9,-0.000687914,-0.0131951,-19.7942,7.19982,111.914,71.8043,1.0877,10.5424,10.5314,116.827,133.923,-4.91265,-62.1188 
12,46.4727,12,8861.4,-0.0451183,21.0155,-10.19,117.542,0.0169446,-47.0604,500,-3.34694,-3.9593,-3.56848,-4.29063,-2.27657,-121.888,99.4315,57.0987,9897.97,6997.17,-2.57944,-3.1918,-2.03348,-3.52313,-1.50908,0.841591,196.52,65.925,9995.06,0.0192826,0.630097,0.0120042,10191.6,-0.000727235,-0.0153304,9.06487,-7.53452,105.448,76.2479,1.11795,10.292,10.4069,116.86,134.655,-11.4126,-58.4073 
13,46.3227,13,9099.98,0.0245784,21.7162,-10.0501,117.605,-0.0351013,-0.865,39.4575,-6.2298,-3.38931,-8.83897,-5.57569,-4.29579,-130.777,18.869,65.2937,10145,7105.73,-5.40633,-2.56584,-7.19204,-4.75222,-3.47232,0.6925,123.038,74.7635,10249.1,0.0118623,0.484641,0.0132593,10372.2,-0.000695088,-0.0136656,16.3485,8.88731,112.152,74.139,1.1667,10.2051,10.3448,116.99,134.222,-4.83792,-60.0831 
14,46.3727,14,7548,-0.147199,18.7365,10.0555,117.893,-0.257041,-675.938,0.00783883,-4.33317,-3.53947,-7.45992,-3.42276,-5.19976,-177.295,15.9715,41.213,8689.23,11789.1,-3.21679,-2.42309,-5.22716,-2.30638,-4.08338,0.697096,157.193,54.0513,8830.46,0.0174899,0.62432,0.0111498,8987.65,-0.000822428,-0.0159841,13.7302,7.55871,108.778,76.5617,1.01019,10.2063,10.2401,117.176,134.334,-8.39759,-57.7721 
15,47.2227,15,9378.14,-0.0267341,19.8962,11.4204,117.628,-0.00677021,-31.4001,500,-3.0567,-1.18342,-6.80606,-0.210103,-3.84431,-109.541,5031.08,48.0342,5340.55,7403.79,-2.36695,-0.493673,-5.42657,0.479645,-3.15457,0.50497,5118.34,55.9663,5427.81,0.485328,0.981224,0.01864,10546.1,-0.00096746,0.507382,11.74,10.4536,117.094,85.771,0.454436,11.6636,12.4695,116.915,134.207,0.17953,-48.4361 
16,46.6227,16,8835.84,-0.179601,20.9744,10.2112,117.418,-0.233403,1592.68,5.88315e-05,-3.34936,-5.4531,-4.49799,-4.86019,-4.03208,-160.146,112.884,81.6732,9704.2,19073.3,-2.34096,-4.44471,-2.4812,-3.8518,-3.02369,0.846293,240.446,93.2698,9831.76,0.0238722,0.595653,0.0171751,10072.2,-0.000559766,-0.00813707,16.1843,-6.63787,118.384,70.9538,1.10293,10.1979,10.3961,116.825,134.713,1.55887,-63.7587 
17,46.7227,17,7886.09,-0.00966008,19.2488,10.105,117.343,0.0111645,-11.8502,500,-6.44179,-5.28018,-8.24961,-6.22586,-4.05658,-130.298,147.793,49.603,8870.08,6336.26,-5.62133,-4.45973,-6.60871,-5.40541,-3.23613,0.739109,251.58,59.0382,8973.87,0.0272702,0.708882,0.0119739,9225.45,-0.000722259,-0.0152803,4.12579,-7.9813,114.376,69.0806,1.02874,10.1623,10.2517,116.671,134.248,-2.29441,-65.1672 
18,46.5227,18,8730.73,-0.0180041,21.0009,10.215,117.553,0.0206615,-19.1664,499.999,-4.75185,-8.014,-6.20103,-1.54586,-1.8561,-87.6993,34.9568,62.5216,9947.49,6996.35,-4.19963,-7.46179,-5.09659,-0.993641,-1.30388,0.73254,104.813,68.8721,10017.3,0.0103548,0.465133,0.0125066,10122.2,-0.000881696,-0.0103097,15.996,-10.693,117.752,69.1083,1.09852,10.3687,10.6231,116.949,134.948,0.803789,-65.8399 
19,47.1727,19,9538.73,-0.0964152,21.3419,10.6805,117.785,-0.117963,18.6065,0.218932,-2.50363,-3.29659,-3.85157,-1.64132,-3.42559,-89.3494,2934.9,49.2535,7471.11,7491.73,-1.94102,-2.73398,-2.72635,-1.07872,-2.86298,0.759646,3006.07,55.7235,7542.28,0.28498,0.96858,0.013427,10548.4,-0.000745946,0.34306,10.554,9.95785,117.431,85.8105,0.738017,10.8988,11.3383,117.161,134.349,0.269764,-48.5384 
20,46.2227,20,8802.86,-0.0150528,21.051,-10.3159,117.542,-0.0173379,-6.66536,500,-4.71065,-3.04181,-7.92029,-0.84068,0.40498,-72.4726,-20.5493,73.3694,10038.1,7073,-4.25431,-2.58547,-7.00761,-0.384339,0.861321,0.475887,37.1779,78.6173,10095.8,0.00366899,0.212739,0.0141418,10133,-0.00091252,-0.014939,16.9494,8.71472,111.794,72.8686,1.09115,10.5354,10.6784,116.822,134.526,-5.02792,-61.6572 
