cyc,freq,cyc,ROIsum,fBg,fA1,fWidth1,fCtr1,fA2,fWidth2,fCtr2,box1,box2,box3,box4,box5,box6,box7,box8,box9,Nfit,BZ-2,BZ-1,BZ0,BZ1,BZ2,Excited,c5,c7,c9,fraction95,fraction75,fraction97,sum95,two2D_bg,two2D_a1,two2D_sh1,two2D_sv1,two2D_ch1,two2D_cv1,two2D_a2,two2D_sh2,two2D_sv2,two2D_ch2,two2D_cv2,two2D_chd,two2D_cvd
0,45.7835,0,35059.8,-0.00180831,62.9427,12.5,117.278,-0.00532884,-49.1181,500,-8.7869,-9.97268,-10.9045,-2.49176,-3.48953,-173.924,1973.26,61.8806,33432.1,25620.9,-7.69175,-8.87753,-8.71421,-1.39661,-2.39438,0.70028,2111.8,74.4748,33570.7,0.0591831,0.941872,0.00406999,35682.5,-0.0013827,0.243509,-10.3439,9.88038,117.147,88.1233,2.75808,12.904,11.9125,116.624,136.045,0.52331,-47.922 
1,44.9835,1,34211.6,-0.00858376,60.8493,12.6729,117.081,-0.0625605,41.4372,500,-12.8218,-7.58524,-6.67012,-4.46251,-7.19276,-76.8597,134.307,70.7482,34403,25187.4,-12.3378,-7.10127,-5.70219,-3.97854,-6.70879,0.840848,195.528,76.3138,34464.2,0.00564137,0.594171,0.00406239,34659.7,-0.00116328,-0.0227936,10.3612,8.61386,113.415,71.7404,2.85171,12.937,11.8574,116.364,135.854,-2.94877,-64.1139 
2,45.6335,2,34209.6,-0.0726254,61.4222,12.5054,117.262,-0.133879,265.521,2.58135e-12,-10.115,-8.68742,-10.0448,-1.91762,-3.16311,-131.692,2023.66,63.719,32426.9,26161.7,-9.28572,-7.85819,-8.38633,-1.08839,-2.33388,0.710342,2128.56,73.2551,32531.8,0.0614119,0.943194,0.00413092,34660.3,-0.00121769,0.252811,10.4549,9.75008,116.752,87.8302,2.68672,12.8624,11.8751,116.626,136.105,0.125924,-48.2749 
3,45.0835,3,33342.3,-0.362375,60.3924,12.6503,117.286,-0.215438,656.398,441.503,-9.23964,-9.56934,-12.8794,-4.40074,-1.82139,-75.5958,93.3472,49.6049,33631.1,29473.5,-8.76363,-9.09334,-11.9274,-3.92474,-1.34538,0.659747,153.562,55.079,33691.3,0.00453723,0.61437,0.00300245,33844.9,-0.00107943,-0.0326021,-14.3881,-6.82081,111.694,75.0376,2.75906,12.8246,12.0619,116.49,136.408,-4.79624,-61.3705 
4,45.4335,4,33653.9,-0.0241775,59.3175,12.7865,117.141,-0.0510144,40.5477,0.0349268,-10.7108,-6.954,-14.8998,-4.30278,-2.64489,-28.868,45.6905,37.9197,33743.6,24757.8,-10.529,-6.77223,-14.5362,-4.12101,-2.46311,0.621665,68.6849,40.0101,33766.6,0.00202998,0.495196,0.00217796,33835.3,-0.00098111,-0.0275186,14.2629,7.37645,112.865,74.1515,2.73634,13.032,12.0287,116.42,136.617,-3.55444,-62.4653 
5,45.8835,5,34688.5,-0.281809,64.1899,12.2178,117.425,26.1791,-77357.4,346.881,-2.37642,-0.306055,-1.50161,-0.885154,-2.13393,-69.9528,24102.6,66.3745,11035.3,6.59507e+07,-1.93594,0.134419,-0.62066,-0.44468,-1.69345,0.8639,24158.4,71.4399,11091,0.685355,0.994852,0.0117263,35249.4,-0.00130546,2.3212,12.7383,10.3531,116.878,87.0817,1.03668,11.5563,11.445,117.02,136.261,-0.142946,-49.179 
6,45.2835,6,34748.5,-0.0282939,61.9819,12.7281,117.058,-0.0634192,50.5306,500,-9.44582,-8.53452,-16.0934,-4.52505,-4.37407,-75.6658,188.035,67.0278,35031,25786,-8.96937,-8.05808,-15.1405,-4.04861,-3.89763,0.622565,248.306,72.5069,35091.3,0.00702626,0.661808,0.00379179,35339.6,-0.00141238,-0.00343234,11.104,-0.0530099,122.903,75.4329,2.82624,13.0003,12.1238,116.379,136.379,6.52366,-60.9466 
7,45.8335,7,33051.4,-0.23815,61.653,-12.0827,117.528,0.459645,-511.267,9.89416,-4.27104,-5.32342,-7.04849,-1.86473,-1.75058,-140.277,11951.6,41.1895,21502.2,31900.1,-3.38775,-4.44014,-5.28192,-0.981444,-0.867291,0.646896,12063.3,51.3473,21613.9,0.358204,0.992606,0.00435715,33677.2,-0.00111119,1.26089,11.8614,10.0834,117.114,87.0014,1.87381,12.3934,11.6122,116.855,136.192,0.258529,-49.1906 
8,45.1835,8,34677.9,-0.204358,62.6181,12.5514,117.181,0.201586,-27.4361,500,-4.16502,-10.6331,-9.7771,-4.9917,-5.06175,-78.8464,234.761,37.8613,34704.7,25765.2,-3.66854,-10.1367,-8.78415,-4.49523,-4.56527,0.722458,297.565,43.5707,34767.5,0.00848609,0.796025,0.00230322,35065,-0.00184741,0.00746737,-13227.4,-9.92391,145.83,88.4002,2.91072,12.8317,11.8401,116.462,136.524,29.3683,-48.1236 
9,45.1335,9,32410.4,-0.30267,59.4839,12.4122,116.944,-0.188513,232.348,499.999,-5.35428,-9.80337,-12.2041,-5.97075,-5.74823,-148.335,255.625,51.3215,32583.2,25460.8,-4.42025,-8.86934,-10.336,-5.03673,-4.81421,0.691245,373.779,62.0628,32701.4,0.0113009,0.77485,0.00348389,33075.2,-0.00221879,0.0271842,5.5713,10218,125.893,81.9828,2.78429,12.5903,11.6803,116.134,135.65,9.75876,-53.6668 
10,45.6835,10,34074.2,-0.296936,61.227,12.6385,116.889,0.444673,-161.595,499.236,-11.6427,-8.11931,-9.95025,-6.43632,-4.50299,-154.308,1220.32,72.1727,33103.9,27529.5,-10.6711,-7.14767,-8.00699,-5.46469,-3.53136,0.770058,1343.23,83.3465,33226.8,0.0388553,0.90205,0.00459951,34570,-0.00133037,0.163534,10.296,9.82285,116.887,89.595,2.70566,12.8454,12.0705,116.169,136.433,0.717393,-46.8377 
11,45.4835,11,34306.7,-0.278894,60.0584,12.9445,116.936,-0.0831474,-65.6176,500,-9.38528,-10.7119,-17.3697,-9.71618,-4.83021,-209.321,102.102,54.9897,34351.9,25485.3,-8.06724,-9.39387,-14.7336,-8.39814,-3.51217,0.665943,268.834,70.1471,34518.6,0.00772789,0.686516,0.00372948,34787.4,-0.00119299,0.00260808,-0.0633139,0.142956,126.213,77.6122,2.71826,13.1616,12.2145,116.225,136.532,9.98818,-58.9199 
12,45.3835,12,32984,-0.327284,59.8081,12.5999,117.132,-0.278247,1141.97,140.908,-4.41579,-6.91118,-15.1128,-4.42451,-6.51287,-114.028,236.078,58.8538,33080.3,34875.1,-3.69779,-6.19317,-13.6768,-3.7065,-5.79486,0.586419,326.905,67.1109,33171.1,0.00975893,0.735694,0.00371306,33498,-0.00185992,0.0032015,-7057.35,29.0046,143.115,57.6804,2.74716,12.7426,11.985,116.403,136.602,26.712,-78.9219 
13,45.2335,13,33000.6,-0.329719,59.9505,12.5806,117.124,0.490802,-602.702,462.642,-7.86951,-6.36275,-12.3164,-6.08261,-6.68562,-93.5061,209.292,42.4142,33154.9,34181.7,-7.28073,-5.77397,-11.1388,-5.49383,-6.09684,0.688722,283.773,49.1852,33229.4,0.00846751,0.767271,0.00271922,33513.1,-0.000993143,-0.0279465,13.877,-6.36339,111.023,73.1855,2.7679,12.78,11.8925,116.404,136.379,-5.38195,-63.1937 
14,44.8835,14,33643.5,-0.0274274,60.7537,12.5263,116.871,-0.0717604,45.109,43.5676,-7.46253,-9.04045,-17.2843,-3.67294,-3.16551,-40.824,182.044,55.1292,33847.6,24879,-7.20548,-8.78339,-16.7702,-3.41588,-2.90845,0.570913,214.562,58.0853,33880.1,0.00629313,0.67854,0.00314823,34094.6,-0.0016382,0.0501979,11.3536,10.2405,120.859,97.6693,2.77871,12.7786,12.0877,116.16,137.293,4.69838,-39.6242 
15,45.7335,15,33710.6,-0.220848,61.2448,12.365,117.219,-0.711869,545.743,399.844,-9.31674,-7.98197,-13.5008,-4.50733,-1.21034,-122.235,3120.89,46.2774,30703.2,37299.1,-8.54706,-7.21229,-11.9615,-3.73765,-0.440659,0.625022,3218.26,55.1287,30800.6,0.0946022,0.970895,0.00328627,34018.8,-0.00103824,0.37305,10.795,-9.85235,116.567,88.2815,2.55018,12.7392,11.9389,116.558,136.683,0.00984387,-48.4012 
16,45.3335,16,34220.8,-0.330748,60.7174,12.8602,117.063,0.0967123,74.2992,238.41,-10.3869,-10.5411,-14.0101,-5.46042,-4.88757,-133.131,47.0468,67.3689,34411.5,25652.7,-9.54861,-9.70283,-12.3335,-4.62213,-4.04928,0.693626,153.091,77.0093,34517.6,0.00441556,0.531829,0.00409294,34670.7,-0.00100158,-0.0279101,-15.3636,7.87139,116.568,72.5719,2.75132,12.9974,12.2107,116.291,136.216,0.277535,-63.6443 
17,45.5835,17,32534.6,-0.249034,58.9003,12.4777,116.87,-0.369616,-357.909,3.82676,-6.45245,-9.76525,-12.9962,-7.33406,-7.30759,-199.299,1330.56,62.5041,31281.5,28231.2,-5.19752,-8.51031,-10.4863,-6.07913,-6.05266,0.711327,1489.31,76.9358,31440.2,0.0452272,0.917092,0.0044875,32929.5,-0.00174836,0.0506556,-10.5376,72.4622,121.32,98,2.59797,12.7028,11.6902,116.037,135.924,5.28244,-37.9243 
18,45.0335,18,33625.3,-0.294546,60.3058,12.6654,116.945,-0.240495,43.5996,441.493,-7.94354,-9.50525,-12.3517,-6.06057,-3.6439,-124.078,248.33,61.7941,33683.2,25205.3,-7.16226,-8.72396,-10.7891,-5.27928,-2.86262,0.690122,347.162,70.7789,33782.1,0.010172,0.737035,0.00384467,34129.2,-0.00163309,0.0065386,-5450.05,10.5756,122.045,87.0902,2.76298,12.8206,12.0507,116.207,136.05,5.83768,-48.9597 
19,44.9335,19,33743.4,-0.270581,59.9861,12.7303,116.97,0.0950709,136.479,85.4577,-9.6351,-9.67032,-12.0956,-6.54182,-7.76159,-167.547,93.3551,69.5507,33750.6,25281.5,-8.58009,-8.61532,-9.98559,-5.48682,-6.70659,0.746394,226.813,81.6832,33884,0.00664929,0.613408,0.00442107,34110.8,-0.00204244,0.0264692,5.34041,-9956.84,126.745,92.1232,2.77066,12.8562,11.9196,116.199,136.623,10.5451,-44.4993 
20,45.5335,20,33803.6,-0.0609506,60.5414,12.635,117.152,-0.0774007,59.6503,5.62121e-06,-5.65192,-11.9712,-15.0418,-6.50452,-6.11332,-124.876,187.33,41.4454,33976.2,25051.7,-4.86561,-11.1848,-13.4692,-5.71821,-5.32701,0.667959,286.798,50.4879,34075.7,0.00834627,0.764485,0.00272191,34362.5,-0.00120616,-0.0132198,1.80039,60.5401,119.179,97.9935,2.79516,12.8823,12.0097,116.404,136.668,2.77492,-38.6741 
