cyc,VVA,cyc,ROIsum,fBg,fA1,fWidth1,fCtr1,fA2,fWidth2,fCtr2,box1,box2,box3,box4,box5,box6,box7,box8,box9,Nfit,BZ-2,BZ-1,BZ0,BZ1,BZ2,Excited,c5,c7,c9,fraction95,fraction75,fraction97,sum95
0,4,0,2318.4,-0.93697,12.857,12.1813,93.4264,0.0326748,-896.471,122.867,3.41143,-1.27781,8.28274,-3.25214,-3.02085,-695.929,5319.86,47.919,1152.03,6051.87,7.79351,3.10427,17.0469,1.12994,1.36123,0.439907,6295.97,120.223,2128.14,0.782979,0.967664,0.0942559,8041.05 
1,2.6,1,5881.92,-0.0776706,16.044,11.4322,93.3332,-0.102368,156.232,500,5.68287,1.21358,3.56336,1.11529,1.63598,-488.368,2806.21,58.7714,5796.07,6491.51,8.75799,4.2887,9.7136,4.19041,4.7111,0.693207,3491.2,109.511,6481.05,0.396472,0.947963,0.0301866,8805.66 
2,1.2,2,8073.71,0.00932768,16.4409,11.9415,92.6331,-0.0164378,7.64081,1.42433e-11,1.76975,4.77707,3.11041,-2.49656,-1.00525,-141.601,25.0056,56.4062,9297.24,6395.24,2.66137,5.66869,4.89365,-1.60494,-0.113626,0.574655,223.614,71.1179,9495.85,0.0279161,0.642439,0.0136085,8010.21 
3,2.1,3,6207.89,-0.00274413,14.7889,11.6722,92.5644,-0.00912471,16.417,3.91756e-11,3.03221,3.101,0.519395,-3.94971,-3.38475,-338.372,1298.22,32.4186,6895.16,5624.2,5.16285,5.23164,4.78067,-1.81907,-1.25411,0.604968,1772.82,67.5741,7369.76,0.226818,0.937467,0.0166099,7816.02 
4,3.5,4,2144.9,-0.275697,11.1333,11.0949,93.0981,0.18623,-79.2958,500,0.315842,4.60944,-3.66214,2.17938,-1.56592,-669.199,3971.18,21.1591,1669.03,4501.78,4.52961,8.82321,4.7654,6.39315,2.64785,0.824538,4909.8,90.6863,2607.64,0.696616,0.968689,0.0602061,7048.06 
5,0,5,6435.52,-0.020933,13.1714,12.2394,92.4135,-0.0133222,19.2821,1.49716e-12,-3.07736,-4.52876,-2.24855,-0.256801,3.63349,-211.804,-85.7427,32.4664,7574.76,5256.3,-1.74368,-3.19509,0.418803,1.07687,4.96716,0.725207,211.334,54.4721,7871.83,0.0317021,0.689147,0.0125867,6666.24 
6,2.2,6,6032.6,-0.50892,15.6817,12.0363,92.7136,0.534023,-41.9208,219.317,-1.63536,-1.69672,7.55549,1.81352,-0.628878,-430.617,1589.73,33.9681,6814.8,6873.19,1.07612,1.01476,12.9785,4.525,2.0826,0.401278,2193.71,78.7075,7418.78,0.265033,0.940922,0.0191687,8277.11 
7,1.65,7,5422.61,-0.272868,11.9702,12.4252,92.4617,0.183609,-6.28288,421.959,-2.37444,1.11764,4.43562,-6.22715,0.042361,-224.683,238.767,45.0549,6568.77,4879.24,-0.95967,2.53241,7.26515,-4.81239,1.45713,-0.325122,553.906,68.3986,6883.91,0.0893582,0.822303,0.0179742,6198.71 
8,1.55,8,3960.88,-0.251448,9.44818,12.1241,92.8468,-0.134569,359.06,14.2904,-2.01735,3.37921,6.02482,2.94115,-4.65896,-256.922,92.6969,38.5061,5140.5,5301.93,-0.399578,4.99698,9.26036,4.55892,-3.04119,0.397719,453.056,65.1994,5500.86,0.0912727,0.798822,0.0213672,4963.76 
9,1.35,9,4725.72,-0.255974,10.3907,12.5487,92.3919,0.0826732,-34.5782,391.632,2.61604,-2.01732,0.0271946,1.83654,-3.88012,-195.833,-19.1773,42.8807,5977.4,4337.68,3.84914,-0.784211,2.49341,3.06965,-2.64701,0.58311,255.497,63.227,6252.08,0.0474707,0.697804,0.0182884,5382.2 
10,2.4,10,5703.59,-0.194254,15.6738,11.5224,92.9448,1.43333,-867.868,500,3.52181,0.370974,1.02278,-1.40738,-0.108862,-386.591,2243.87,56.7701,6080.13,46373.6,5.95607,2.80524,5.89131,1.02688,2.3254,0.672794,2786.1,96.9354,6622.36,0.339089,0.942608,0.026256,8216.44 
11,3,11,5920.92,-0.0233324,18.0284,11.1591,93.3999,0.0325153,-14.518,499.997,2.04645,2.94252,4.84293,0.588622,-0.649721,-707.744,4754.47,89.5419,4661.67,6564.49,6.50293,7.399,13.7559,5.0451,3.80676,0.623226,5747.15,163.074,5654.35,0.553477,0.952693,0.050447,10383.7 
12,5,12,1287.41,-0.0849067,11.6179,10.6327,93.6186,-0.22923,165.403,3.52261e-08,6.85978,-1.56069,3.66514,-1.31181,0.345998,-816.582,5211.94,-1.97559,623.399,5255.56,12.0016,3.5811,13.9487,3.82999,5.4878,0.640952,6357.28,82.8641,1768.73,0.814238,0.977698,0.0794452,7807.64 
13,1.45,13,5954.59,-0.257652,12.8074,12.3804,92.4607,0.254588,-33.3233,101.2,4.1601,-4.16889,-0.487631,-0.724348,2.58665,-293.665,-2.38514,15.008,7198.04,5437.85,6.00923,-2.31976,3.21063,1.12478,4.43578,0.742339,409.509,45.5187,7609.94,0.0615834,0.837156,0.0108984,6649.66 
14,1.4,14,4382.56,0.00247654,9.87161,11.6808,92.7626,-0.000515622,7.05888,3.20171e-11,-0.699835,-2.22948,-0.68324,0.49612,0.441159,-228.582,-36.9603,27.7695,5686.84,3753.78,0.739485,-0.790159,2.1954,1.93544,1.88048,0.631684,283.648,51.5183,6007.45,0.0544456,0.758813,0.0155517,5209.76 
15,1.75,15,7934.35,-0.16062,17.0594,11.9831,92.6107,-0.177947,148.909,0.000290179,-1.27615,-2.21001,0.380341,-3.47378,-1.09118,-238.565,482.268,38.6646,9009.39,7517.32,0.226026,-0.707833,3.3847,-1.9716,0.411001,-1.52158,816.879,63.4505,9344.01,0.0963418,0.880336,0.0123543,8478.96 
16,1.3,16,7874.06,-0.090534,15.8014,12.3209,92.6825,-0.0174434,107.917,500,-1.97579,0.072978,-6.8497,0.593978,-0.939378,-284.03,121.314,54.4725,9003.09,6399.01,-0.187333,1.86144,-3.27277,2.38244,0.849083,3.00433,519.694,83.9821,9401.47,0.0631547,0.779546,0.0161889,8228.9 
17,2.8,17,3374.36,0.00190322,11.2747,11.0501,93.408,-0.00670344,-9.49536,500,4.09208,-0.601045,3.56927,0.368121,-6.69172,-491.032,2475.68,46.5938,3523.99,4057.78,7.18398,2.49086,9.75307,3.46002,-3.59982,0.494348,3164.4,97.6101,4212.71,0.478092,0.948784,0.0409351,6618.82 
18,1.8,18,7533.5,-0.329587,16.6429,12.1387,92.6289,0.0379629,90.602,500,-2.15811,2.84948,0.777122,2.92463,1.19821,-343.196,643.722,67.6656,8506.84,6688.53,0.0028991,5.01049,5.09915,5.08564,3.35922,0.725223,1125.09,103.322,8988.21,0.132435,0.861541,0.0207365,8495.42 
19,1.6,19,5075.75,0.000287982,10.9287,11.881,92.8865,0.00842136,-0.780724,1.34197e-11,2.30326,3.27879,-1.97311,1.13176,2.18838,-233.478,58.5878,27.485,6225.24,4227.09,3.77342,4.74894,0.967195,2.60191,3.65853,0.938591,386.064,51.7425,6552.72,0.0670332,0.810015,0.0143373,5759.29 
20,2,20,7878.69,-0.190227,17.7341,11.7192,92.29,0.123156,63.5005,0.0253834,0.866704,-2.95039,-0.363651,5.39699,-2.7864,-328.067,1024.94,48.0829,8586.53,7020.13,2.93245,-0.884645,3.76785,7.46274,-0.720652,0.699958,1485.08,82.1677,9046.68,0.1668,0.911722,0.0164559,8903.36 
21,4,21,2091.95,-0.193361,12.6939,11.0521,93.9867,0.216363,74.8498,3.81607e-08,7.79952,-1.96459,11.2567,-3.23971,-4.12942,-854.92,5350.27,0.346317,1077.9,5094.24,13.1827,3.41861,22.0231,2.14349,1.25378,0.475911,6549.38,89.1691,2277.01,0.778157,0.976728,0.0672843,8416.53 
22,2.6,22,3574.54,-0.065083,11.4404,11.3215,93.0538,-0.00174055,91.2317,500,-2.90664,-2.58955,5.38735,1.69665,-0.72563,-432.125,2068.15,13.8061,4093.16,4221.57,-0.185665,0.131419,10.8293,4.41762,1.99534,0.369951,2674.25,58.7022,4699.26,0.409681,0.963007,0.0224936,6527.64 
23,1.2,23,6529.93,-0.0173918,13.5777,11.9813,92.6377,-0.0365802,32.1953,500,4.75355,-1.1205,-1.59317,-0.253132,3.9821,-288.467,119.003,57.5608,7536.68,5334.06,6.56995,0.695898,2.03963,1.56327,5.7985,0.877626,523.607,87.5314,7941.29,0.074424,0.773666,0.0199002,7035.46 
24,2.1,24,6154.77,-0.286174,14.2572,12.4205,92.6923,-0.599646,297.861,500,-3.37343,-1.23493,1.89274,1.13935,-0.284713,-382.817,1234.67,49.3024,6751.93,11579,-0.962929,1.17557,6.71373,3.54985,2.12578,0.467249,1771.61,89.0756,7288.87,0.22864,0.919127,0.0220163,7748.48 
25,3.5,25,1894.63,-0.00629031,11.5074,10.6572,93.7857,0.00572773,3.56083,8.32409e-12,2.24209,0.254103,-4.83344,0.975544,-2.49511,-637.241,4222.59,-9.81899,1821.63,3992.88,6.25463,4.26664,3.19164,4.98808,1.51742,0.842142,5116.38,56.3879,2715.42,0.696767,0.981078,0.0368435,7343.02 
26,0,26,5421.93,-0.00150407,11.2944,12.2083,92.8218,-0.0239795,20.1268,500,-1.42442,3.81018,4.80636,-0.0753575,-2.39926,-257.245,-21.2243,16.229,6579.55,4504.33,0.195382,5.42998,8.04596,1.54444,-0.779463,0.442658,339.586,42.9558,6940.36,0.0563098,0.818756,0.0112728,6030.68 
27,2.2,27,5021.38,-0.424592,13.0431,12.054,92.9857,-0.192433,138.789,34.0705,1.80205,-3.63127,1.18692,-3.79618,-2.98173,-403.54,1237.55,24.0385,5803.55,5987.5,4.34304,-1.09029,6.26888,-1.2552,-0.440751,0.198934,1803.56,65.9647,6369.55,0.256676,0.939844,0.0187202,7026.59 
28,1.65,28,7810.08,-0.259791,16.5936,11.9991,92.7042,-0.0581898,151.61,496.794,4.22105,3.76108,7.35396,3.05631,1.94252,-231.927,235.229,45.3726,8839.41,6768.8,5.68144,5.22146,10.2747,4.5167,3.40291,0.646883,560.53,69.469,9164.71,0.0694104,0.82177,0.013771,8075.59 
29,1.55,29,6251.06,-0.232445,12.954,12.5167,92.3346,-0.184527,267.448,52.0017,-0.0222128,0.737281,-0.994445,-1.75625,-2.45977,-274.637,237.758,71.5176,7205.85,6884.81,1.7071,2.46659,2.46418,-0.0269406,-0.730459,0.580955,622.962,100.051,7591.05,0.0909749,0.780604,0.0237037,6847.62 
30,1.35,30,6694.21,-0.261663,14.2091,12.3218,92.5447,1.27599,-739.353,486.779,1.17279,-2.3573,0.81103,-2.16607,-1.62387,-232.171,84.0644,68.8294,7774.9,36410.5,2.63471,-0.895389,3.73486,-0.704153,-0.161954,0.189496,409.706,92.951,8100.54,0.0580966,0.715806,0.0207,7052.15 
31,2.4,31,4512.25,-0.473325,12.5737,12.064,93.1497,0.831037,192.88,8.1465,3.01302,-1.27457,-2.7609,2.71168,-3.33752,-395.861,1612.79,31.909,5115.35,10156,5.50565,1.21806,2.22436,5.20431,-0.844892,0.832849,2168.03,73.0374,5670.58,0.31799,0.944327,0.0231765,6817.9 
32,3,32,2772.61,-0.11731,11.2504,-11.3141,93.1102,-0.476546,262.974,0.0309797,4.01462,-0.776392,3.31618,-5.26406,-8.05988,-497.278,3044.94,29.4269,2848.14,8223.22,7.14585,2.35483,9.57864,-2.13283,-4.92866,0.202964,3742.42,81.0922,3545.62,0.562784,0.963466,0.0404277,6649.83 
33,5,33,909.539,-0.219362,7.53346,11.3689,93.961,-0.0906177,-326.706,500,2.53267,4.00765,-3.33066,0.449015,-6.15478,-614.304,3468.85,-2.8209,451.74,3751.86,6.40078,7.87575,4.40555,4.31712,-2.28667,0.7873,4330.47,61.0028,1313.36,0.800838,0.975941,0.0788181,5407.42 
34,1.45,34,7933.17,-0.264132,16.4877,12.2628,92.4316,-0.00366505,151.988,27.1539,2.61494,-1.21967,-3.09603,0.0280537,-4.00507,-219.641,235.75,53.3662,8823.01,6599.92,3.99796,0.163347,-0.32999,1.41107,-2.62205,1.12593,543.817,76.186,9131.08,0.0677122,0.803106,0.0151371,8031.3 
35,1.4,35,6824.93,-0.267983,14.5833,12.2495,92.6379,-0.42555,611.349,6.64559,1.73775,-1.42617,0.303076,-0.762366,-5.6579,-249.654,80.6619,59.0279,7992.5,14284.3,3.30975,0.145835,3.44709,0.809641,-4.08589,0.0494519,430.826,84.966,8342.67,0.0592461,0.743423,0.0184155,7271.81 
36,1.75,36,4724.53,-0.01345,10.3945,12.1729,92.7591,0.00144807,8.0559,4.48673e-12,-1.08684,-2.04875,-3.72949,-1.44823,-4.85213,-233.431,246.302,-1.60437,5879.19,4119.35,0.38302,-0.578891,-0.789785,0.0216287,-3.38228,0.818286,573.712,22.6482,6206.6,0.101307,0.93538,0.00667706,5663.13 
37,1.3,37,6839.44,-0.100101,13.7408,12.1718,92.6222,0.0465569,196.219,500,-0.0723222,3.38227,2.78485,2.50443,0.117675,-133.257,83.3866,39.83,7735.58,5741.92,0.766762,4.22136,4.46302,3.34352,0.956759,0.67545,270.293,53.6748,7922.49,0.0399443,0.742106,0.0123264,6766.73 
38,2.8,38,4233.59,-0.0734237,12.8928,12.1044,93.3992,-0.168027,137.171,96.8911,5.42455,3.35386,13.342,-0.239283,-7.46814,-486.897,3131.45,29.7506,4037.97,5830.58,8.4904,6.41972,19.4737,2.82658,-4.40229,0.406436,3814.37,80.3373,4720.89,0.496307,0.964452,0.030395,7685.5 
39,1.8,39,7295.53,-0.00750298,15.6035,11.8933,92.7162,0.00451047,8.2313,500,-0.406913,2.56614,4.41982,0.597202,0.364919,-310.684,560.195,43.0541,8096.97,6042.36,1.54938,4.52243,8.33241,2.55349,2.32121,0.567797,995.96,75.3329,8532.74,0.124607,0.883106,0.0160031,7992.8 
40,1.6,40,7618.47,-0.0317889,16.0699,11.8701,92.855,-0.0699694,3.05235,428.468,5.8577,2.81273,1.58202,-0.906289,1.29917,-197.397,402.055,82.6317,8653.39,6216.58,7.10065,4.05569,4.06792,0.336665,2.54212,0.775291,678.923,103.14,8930.26,0.084847,0.789979,0.0208323,8001.73 
41,2,41,5773.32,-0.0195499,13.1503,11.9471,92.6165,-0.00249938,25.4892,500,3.51076,-1.14163,0.391904,-0.993474,-6.21895,-324.378,897.992,48.9255,6449.6,5116.45,5.55328,0.900894,4.47694,1.04905,-4.17643,0.426308,1352.96,82.6271,6904.57,0.192875,0.903445,0.021569,7014.71 
42,4,42,3277.52,-0.0277513,16.3954,-11.0127,93.4177,-0.00646379,48.6227,2.48584e-13,2.56476,2.30954,-5.00154,-3.73429,-6.5201,-929.68,6745.59,10.6032,1717.14,5888,8.41871,8.16349,6.70635,2.11966,-0.666147,0.728949,8049.55,107.193,3021.11,0.764668,0.977227,0.0613507,10526.9 
43,2.6,43,5162.44,-0.0803293,14.4675,11.6912,93.2586,-0.0827563,57.0039,500,6.04047,3.16809,5.68339,-2.58331,-2.68011,-475.86,2625.41,41.6185,5204.07,5659.72,9.03683,6.16445,11.6761,0.413049,0.316248,0.577055,3292.85,91.0584,5871.51,0.406149,0.95384,0.0277749,8107.48 
44,1.2,44,5164.87,-0.24267,11.4028,12.252,92.2828,0.144118,-198.208,462.86,-0.0870951,2.52774,-6.17645,0.044182,-3.36234,-227.125,6.80528,45.0771,6408.04,5477.85,1.34305,3.95788,-3.31616,1.47433,-1.9322,3.17183,325.37,68.6745,6726.6,0.0557028,0.730265,0.0184596,5841.18 
45,2.1,45,5368.79,-0.348198,12.7821,12.2128,92.8182,0.598058,-45.4341,0.588738,1.49259,3.40786,-1.02002,-3.51864,-2.63079,-313.884,904.64,18.2254,6123.93,5966.26,3.46904,5.38431,2.93287,-1.54219,-0.654338,0.694164,1344.89,50.8367,6564.18,0.199909,0.937955,0.0140656,6727.52 
46,3.5,46,3216.99,-0.989673,15.4471,11.7402,93.5448,-0.152785,369.967,217.709,6.40725,3.71116,9.35138,-0.979116,-5.40427,-753.69,5112.1,44.1611,2403.64,7743.68,11.153,8.45695,18.843,3.76667,-0.658484,0.546621,6169.23,122.467,3460.77,0.684933,0.966427,0.0611975,9007.06 
47,0,47,8155.36,-0.191948,15.884,12.5229,92.6717,-0.11533,126.45,453.676,0.989092,-2.37359,2.80412,-1.18694,-3.47167,-136.049,-38.8266,37.1521,9063.76,6950.05,1.84576,-1.51692,4.51745,-0.330272,-2.615,-1.37634,151.996,51.2871,9254.58,0.0196358,0.628736,0.0101054,7740.75 
48,2.2,48,7481.97,-0.454064,17.7527,12.0536,92.7584,-0.630349,2324.3,451.336,3.16232,2.85755,3.01047,-2.03456,-3.70385,-403.205,1689.36,80.6901,7766.38,54660.5,5.70119,5.39643,8.08822,0.504314,-1.16497,0.563393,2254.89,122.581,8331.91,0.248143,0.91313,0.0263865,9087.06 
49,1.65,49,6755.76,-0.00372274,13.9969,12.0098,92.5718,-0.00194696,22.2989,500,0.68364,-0.125727,-3.9516,-6.27225,-0.693075,-185.204,223.156,46.681,7703.92,5473.61,1.84982,1.04045,-1.61924,-5.10607,0.473104,0.51836,482.923,65.923,7963.69,0.0688597,0.807174,0.0150198,7013.15 
50,1.55,50,9350.52,-0.0465338,18.7085,12.2743,92.6785,0.01379,6.72475,500,2.91972,-5.61981,-1.32083,-7.959,-3.30291,-209.204,258.555,52.4048,10384.8,7478.37,4.23702,-4.30251,1.31377,-6.64169,-1.98561,1.17804,551.984,74.1403,10678.2,0.0593012,0.809682,0.0126284,9308.14 
51,1.35,51,7873.13,-0.227287,15.9178,12.3629,92.5381,-0.104529,194.673,451.07,3.27918,1.72104,0.749965,-6.59715,-2.96988,-195.401,104.327,51.7813,8858.46,7068.63,4.50957,2.95143,3.21074,-5.36676,-1.73949,0.0994946,378.395,72.0826,9132.53,0.0480986,0.749981,0.0143313,7867.07 
52,2.4,52,3702.85,-0.0162856,10.7779,11.5302,92.9056,-0.0806672,96.8088,500,1.89139,-1.4299,1.08528,-6.05229,-3.9088,-400.708,1587.84,27.5639,4442.34,4299.65,4.41454,1.09325,6.13158,-3.52914,-1.38564,0.088185,2149.87,69.196,5004.37,0.343789,0.946678,0.0248383,6253.45 
53,3,53,3978.03,-0.804562,14.5462,12.2127,93.2902,0.877911,-498.957,41.9931,2.11717,3.85292,5.01888,-2.48613,-2.01181,-555.083,3819.28,11.5617,3729.33,20042.7,5.61238,7.34812,12.0093,1.00908,1.4834,0.562699,4597.83,69.2327,4507.89,0.554337,0.974326,0.0275129,8294.3 
54,5,54,1981.18,-0.55645,14.3296,11.2162,93.7702,0.704279,-262.328,499.977,2.08272,-1.50305,2.79924,-0.994747,-5.84348,-925.098,6133.11,-14.677,903.826,11246.4,7.90781,4.32204,14.4494,4.83035,-0.0183842,0.54116,7430.65,81.437,2201.37,0.804551,0.981182,0.0637989,9235.77 
55,1.45,55,6373.77,-0.248817,13.3724,12.4633,92.7319,-0.282496,231.292,445.318,-2.45622,1.84339,5.88134,0.0164608,0.103308,-198.875,41.6631,40.0864,7475.99,7552.47,-1.20395,3.09565,8.38587,1.26872,1.35557,0.350027,320.605,60.7487,7754.93,0.0479972,0.75098,0.014225,6679.65 
56,1.4,56,6811.67,-0.218655,13.917,12.4133,92.6927,0.555802,61.9853,213.905,0.394121,1.47822,0.137825,-4.73168,2.93721,-274.012,40.5438,77.679,7843.26,6745.28,2.1195,3.2036,3.58859,-3.00629,4.66259,0.660428,424.873,106.148,8227.59,0.0592446,0.695792,0.0232141,7171.5 
57,1.75,57,7801.97,-0.3254,16.9288,12.1905,92.7187,0.332293,178.388,490.361,-2.44283,0.16975,-4.18973,-3.67085,-3.79516,-297.577,546.939,62.7087,8759.84,8647.74,-0.569064,2.04351,-0.442197,-1.79708,-1.9214,0.835384,964.32,93.6258,9177.22,0.113588,0.854768,0.0184464,8489.64 
58,1.3,58,8725.49,-0.262749,17.2706,12.6995,92.5345,-0.23807,77.1719,259.571,3.96029,1.82054,0.187621,4.50504,-4.77397,-230.995,-18.2508,24.4142,9738.44,7737.9,5.41481,3.27506,3.09665,5.95956,-3.31945,0.785351,305.743,48.4137,10062.4,0.0357304,0.783019,0.00878512,8556.93 
59,2.8,59,6078.04,-0.441653,18.5519,11.6222,93.1315,0.0651667,369.086,499.942,3.0081,1.88091,6.12372,-3.50468,-4.85136,-724.23,4098.86,26.7277,5374.48,7801.95,7.56838,6.4412,15.2443,1.05561,-0.291079,0.492169,5114.66,101.972,6390.28,0.493946,0.966286,0.0285558,10354.7 
60,1.8,60,8285.04,-0.344867,17.4991,12.519,92.4018,-0.262306,-23.0835,1.11473,2.01447,4.2815,-4.49841,-5.60085,4.34234,-289.376,680.738,34.3001,9094.63,7328.63,3.83659,6.10362,-0.854163,-3.77873,6.16446,1.07446,1086.62,64.3652,9500.51,0.122408,0.906076,0.0123263,8877.03 
61,1.6,61,8196.66,-0.170157,17.0986,12.1619,92.7895,0.0694497,68.895,500,-1.68423,-0.87226,-4.54036,-1.21526,-1.34543,-259.017,185.123,59.5531,9343.3,6925.3,-0.0532647,0.7587,-1.27844,0.4157,0.285531,10.9704,548.42,86.464,9706.6,0.0644606,0.783757,0.0161441,8507.83 
62,2,62,6531.27,-0.373943,14.8222,12.4324,92.7101,-0.855959,3021.26,450.879,0.192474,1.12698,-1.20648,-4.0068,1.73848,-277.803,947.779,47.2571,7245.61,90184.2,1.94173,2.87623,2.29203,-2.25755,3.48773,0.725182,1337.42,76.1198,7635.25,0.176016,0.90942,0.0180337,7598.33 
63,4,63,3020.8,-0.00664081,14.8554,11.0083,93.3656,-0.0521983,8.48093,499.999,8.86779,-0.468106,-2.71645,-3.92458,-3.37864,-818.079,6105.66,38.4222,1471.27,5337.96,14.019,4.68312,7.58599,1.22665,1.77258,0.740981,7253.1,123.417,2618.7,0.77157,0.971083,0.0798818,9400.44 
64,2.6,64,5647.89,-0.568243,16.1108,12.0771,93.3746,0.687177,-150.289,0.00041887,2.12915,-2.02656,1.42217,0.824273,-6.41926,-604.091,2869.63,26.3215,5556.77,9695.86,5.93295,1.77724,9.02977,4.62808,-2.61546,0.518478,3716.93,89.0843,6404.06,0.414454,0.959746,0.0249845,8968.26 
65,1.2,65,8836.18,-0.258091,18.0285,12.2696,92.5163,-0.35303,494.126,190.119,-5.15448,-2.30666,1.64798,-0.221088,-2.65375,-241.532,110.644,74.2795,9970.77,12879.5,-3.63361,-0.785792,4.68971,1.29978,-1.13289,-9.72668,449.417,99.3738,10309.5,0.0504779,0.721004,0.0174463,8903.24 
66,2.1,66,6065.87,-0.447298,14.9508,12.2056,92.8817,0.232192,75.9986,13.2409,0.355488,3.96934,-0.155122,-1.99593,-3.8853,-391.53,1311.9,50.5017,6772.52,6514.91,2.82085,6.43469,4.77559,0.469431,-1.41995,0.634911,1861.05,91.1801,7321.68,0.23663,0.921032,0.0224261,7864.83 
67,3.5,67,3192.06,-0.0444421,15.4827,10.9171,93.4666,-0.248631,267.034,499.644,3.96379,3.41478,4.00444,-1.56361,0.530216,-856.516,5382.64,-17.547,2508.84,7663.66,9.35705,8.80803,14.7909,3.82964,5.92347,0.653682,6583.99,71.4417,3710.19,0.683955,0.981365,0.0342557,9626.34 
68,0,68,8690.44,-0.141493,17.3826,12.3093,92.6319,-0.216859,133.221,3.06887e-07,-0.364963,1.53435,-0.28308,-6.39254,2.67121,-176.293,177.453,64.579,9546.1,7905.83,0.745106,2.64442,1.93706,-5.28247,3.78128,0.493632,424.721,82.8951,9793.37,0.0502314,0.745402,0.0153529,8455.28 
69,2.2,69,6989.7,0.00023505,17.1091,11.482,92.8381,-0.0103508,-3.70771,500,-1.53536,5.09559,3.5736,-5.96282,3.33444,-475.518,1835.2,37.6457,7364.4,6396.26,1.45885,8.0898,9.56202,-2.96861,6.32866,0.574467,2502.16,87.0502,8031.36,0.275329,0.942611,0.0195753,9087.88 
70,1.65,70,6845.07,-0.264606,14.647,12.1999,92.6809,-0.0204765,90.3231,44.7745,1.45852,1.65217,-2.64134,1.0704,1.77819,-238.697,311.277,58.8947,7721.68,5877.22,2.96153,3.15519,0.364687,2.57342,3.2812,0.970437,646.074,83.6944,8056.48,0.0890843,0.815195,0.0187773,7252.38 
71,1.55,71,5084.44,-0.251895,11.686,11.8952,92.6213,0.407309,-683.622,161.414,3.60008,2.43256,0.89857,-3.8408,-5.39327,-248.846,114.667,8.43439,6221.83,13589.5,5.167,3.99947,4.0324,-2.27389,-3.82635,0.431947,463.697,34.2885,6570.86,0.0792401,0.885422,0.00952107,5851.8 
72,1.35,72,9526.26,-0.226019,19.4381,11.9639,92.4494,0.376522,11.9832,330.414,0.295791,0.15396,0.492645,-2.49523,1.76555,-294.107,121.48,38.6345,10632.5,7717.34,2.1477,2.00587,4.19647,-0.643316,3.61746,0.629424,533.993,69.191,11045,0.0556769,0.81516,0.0114081,9590.93 
73,2.4,73,5773,-0.426812,16.6352,11.6094,93.1265,-0.382239,423.056,500,0.458646,2.50787,-2.37269,-4.57188,-4.70312,-441.8,2335.28,40.6052,6248.26,11551,3.24054,5.28977,3.1911,-1.78999,-1.92122,0.60162,2954.94,86.5065,6867.93,0.344132,0.951265,0.0226765,8586.65 
74,3,74,2861,-0.0319923,11.1103,11.2305,93.3693,0.168873,-376.088,5.24557e-06,2.52822,4.46852,1.29129,-3.47554,-1.892,-500.213,2921.28,-10.6703,2899.02,6129.29,5.67793,7.61823,7.5907,-0.325835,1.25771,0.652102,3622.87,41.2998,3600.61,0.550976,0.980441,0.0206921,6575.38 
75,5,75,3222.69,-0.091208,16.1668,11.2147,93.8004,0.0367606,-161.276,2.83978e-09,7.22869,2.5331,-0.98876,-3.58371,-1.87593,-988.335,7199.56,37.6608,1177.74,6095.13,13.452,8.75638,11.4578,2.63958,4.34735,0.718157,8585.8,140.345,2563.98,0.803293,0.97219,0.091596,10688.3 
76,1.45,76,7567.69,-0.181353,15.7397,12.1249,92.5639,0.286536,85.312,500,-4.10662,-1.61088,4.51983,-3.30406,-1.81309,-239.733,14.4912,26.2712,8731.87,7008.29,-2.59709,-0.101343,7.53889,-1.79452,-0.30356,-1.74904,350.74,51.1785,9068.12,0.045044,0.796589,0.0102895,7786.6 
77,1.4,77,6983.41,-0.237875,14.7861,12.0833,92.4645,-1.05089,540.841,223.613,-1.22019,-3.16059,-5.21456,-2.15473,1.84383,-244.615,68.235,50.8974,7908,24318.3,0.320086,-1.62032,-2.134,-0.614455,3.38411,-2.21105,411.331,76.312,8251.09,0.0573106,0.754906,0.0167517,7177.23 
78,1.75,78,7192.1,-0.311651,15.7453,12.1661,92.3802,-0.413091,217.045,477.245,-0.544964,-1.09813,-0.64821,-10.735,-1.52274,-293.276,433.099,62.5523,8101.12,9154.54,1.30172,0.748553,3.04516,-8.88828,0.32394,1.87784,844.447,93.0225,8512.47,0.107921,0.83838,0.0197329,7824.67 
79,1.3,79,9138.61,-0.226752,18.3416,12.2246,92.5345,0.548889,284.629,3.22452,3.29008,-4.0418,2.5828,-0.271079,-3.83504,-196.771,70.8382,56.3102,10191.8,12384.9,4.5291,-2.80279,5.06083,0.967937,-2.59603,0.0190393,346.829,76.754,10467.7,0.038837,0.720836,0.0133271,8930.38 
80,2.8,80,4289.63,0.00308358,14.0987,11.0963,93.2639,-0.00299865,7.78004,3.00978e-11,4.85397,0.953552,2.19206,-3.93546,-2.39951,-634.755,3069.33,22.3017,4207,5093.51,8.85085,4.95043,10.1858,0.061423,1.59737,0.602828,3959.63,88.2502,5097.31,0.486476,0.962461,0.0309069,8139.42 
81,1.8,81,5488.45,-0.019342,11.5316,12.4116,92.838,-0.0696712,72.9919,500,-3.20956,-0.591491,1.43763,-1.87889,-1.61384,-210.163,305.417,33.0356,6478.72,4824.75,-1.88622,0.731849,4.08431,-0.555547,-0.290502,-0.959948,600.191,54.8707,6773.49,0.0975214,0.862078,0.0147031,6154.45 
82,1.6,82,8757.23,-0.288371,18.3023,12.18,92.3644,-0.053031,91.2362,158.523,6.07732,0.743152,2.95011,-2.79355,2.97316,-279.808,473.251,97.1048,9597.22,7414.36,7.8392,2.50503,6.47386,-1.03167,4.73504,0.684532,865.708,126.176,9989.68,0.0955819,0.796775,0.0227379,9057.24 
83,2,83,7286.32,-0.380885,16.6462,12.1026,92.5343,22.2327,19333.5,434.223,4.85724,-0.310075,2.26554,-1.34067,4.82707,-373.054,1044.15,71.9145,8047.82,1.39991e+07,7.20626,2.03895,6.96359,1.00835,7.17609,0.714528,1567.39,110.673,8571.06,0.182347,0.890022,0.0232335,8595.66 
84,6,84,3289.91,-1.082,16.0644,12.0865,93.6644,-0.266432,1669.23,495.075,1.08243,0.15777,-0.432507,-4.51594,1.75285,-811.088,5657.99,11.2686,2297.36,20798.3,6.18963,5.26497,9.7819,0.591261,6.86005,0.659023,6795.62,95.5374,3434.99,0.70697,0.975988,0.0487374,9612.32 
85,7,85,3797.74,-0.68538,13.1782,12.1577,93.0608,0.210256,544.083,36.279,4.08186,-0.643237,0.720033,0.812948,-1.12367,-534.417,3063.88,20.2698,3759.09,8939.58,7.44694,2.72184,7.4502,4.17803,2.24141,0.690071,3813.45,75.7936,4508.67,0.507745,0.966387,0.0300368,7510.55 
86,8,86,8381.99,-0.167283,18.9694,12.2137,93.0382,0.161733,44.7154,1.08563e-11,0.264081,7.05237,4.39481,-1.65687,1.57778,-423.62,1878.9,59.4629,8776.49,7777.57,2.93151,9.7198,9.72966,1.01056,4.24521,0.647945,2473.07,103.475,9370.66,0.243484,0.931774,0.0199359,10157 
87,9,87,7742,-0.0255623,15.8715,12.372,92.6789,-0.00700307,8.52533,500,2.5246,1.26967,-2.02686,-2.39249,1.74935,-254.77,515.223,75.9098,8735.88,6394.17,4.12881,2.87389,1.18157,-0.788268,3.35356,0.890082,872.563,102.379,9093.22,0.104762,0.829648,0.0203186,8329.01 
88,10,88,8770.29,-0.392009,18.6212,12.6178,92.2445,0.103009,55.3336,158.668,-3.61214,-4.93418,2.44951,0.239875,-1.95932,-316.534,884.016,96.3559,9403.61,7834.23,-1.61901,-2.94106,6.43577,2.233,0.0338106,-0.553589,1327.98,129.243,9847.58,0.14123,0.854472,0.0236056,9403 
89,6,89,3183.42,-1.03792,15.519,12.0401,93.7183,-1.87494,3298.01,488.699,3.27172,3.13806,2.19234,1.47526,-2.94689,-825.318,5361.68,25.196,2358.03,207378,8.46853,8.33487,12.586,6.67207,2.24992,0.671482,6519.27,110.943,3515.62,0.693386,0.97108,0.0549382,9402.08 
90,7,90,4146,-0.0419028,14.0591,11.4982,93.1699,0.00298415,-27.6061,499.908,5.90378,0.82934,-0.882192,-7.45871,1.14445,-641.805,3386.21,71.7226,4173.05,5265.09,9.94506,4.87062,7.20036,-3.41743,5.18573,0.697265,4286.4,138.404,5073.24,0.507479,0.946516,0.04785,8446.46 
91,8,91,4808.42,-0.12369,12.5026,11.9124,92.8476,-0.682927,178.677,499.984,0.559843,2.14143,-1.55541,-1.44759,-3.50387,-390.028,1209.32,24.6359,5745.05,8820.64,3.01575,4.59733,3.3564,1.00832,-1.04797,0.692914,1756.37,65.1583,6292.11,0.253961,0.939036,0.018719,6915.89 
92,9,92,8730.76,-0.00309619,17.9439,12.4296,92.6202,0.00292665,2.29291,1.33577e-11,-1.90323,5.10666,4.61825,-2.19854,-3.63205,-321.732,681.519,82.7551,9755.62,7260.74,0.122626,7.13252,8.66997,-0.172677,-1.60618,0.387119,1132.78,116.182,10206.9,0.119209,0.847827,0.0205375,9502.43 
93,10,93,5854.38,-0.23126,12.6865,12.229,92.589,-0.0484552,-10.9199,1.3997e-05,1.82253,-1.85828,-0.964512,-5.09517,1.27699,-276.558,237.286,32.2777,6876.31,5067.65,3.56395,-0.116865,2.51832,-3.35375,3.0184,0.5527,625.186,61.0111,7264.21,0.0949865,0.854131,0.0152359,6581.84 
94,6,94,2885.3,-0.25131,13.2391,11.4083,93.4116,-0.121212,-15.4711,0.0988783,7.26606,0.141505,5.85545,-2.43683,2.55338,-776.703,4792.73,26.3908,2082.68,4977.73,12.1568,5.0322,15.6368,2.45386,7.44408,0.634001,5882.13,107.087,3172.09,0.693382,0.969124,0.0585471,8483.24 
95,7,95,5586.58,-0.221435,16.2177,11.9721,93.4053,0.220047,-92.3948,500,3.35668,6.69189,3.0489,5.35314,-0.559127,-680.95,3706.72,100.826,5137.78,6982.37,7.64444,10.9796,11.6244,9.6409,3.72863,0.733495,4661.82,171.574,6092.88,0.482691,0.93949,0.049315,9657.98 
96,8,96,5744.49,-0.105029,14.4107,11.5702,92.7845,0.140568,-61.8672,500,4.35534,3.49591,7.4412,-1.70616,-1.54553,-441.902,1517.21,48.9011,6317.04,5710.85,7.13788,6.27845,13.0063,1.07638,1.23702,0.547387,2137.02,94.8131,6936.85,0.273094,0.927952,0.0245596,7825.24 
97,9,97,7912.48,-0.00739542,16.3707,12.272,92.8816,-0.0227556,3.902,500,-1.37076,1.59599,1.10493,0.489574,3.02313,-278.876,456.498,52.6765,8915.69,6542.87,0.385248,3.352,4.61695,2.24558,4.77913,0.699787,847.649,81.6506,9306.84,0.0999674,0.855746,0.0159041,8479.25 
98,10,98,7142.84,-0.273333,14.6773,12.7277,92.7987,0.298747,306.495,479.453,0.0184269,-2.95113,-3.15289,1.07806,-2.18984,-201.301,433.303,49.1479,8032,9061.96,1.28597,-1.68359,-0.617808,2.3456,-0.9223,2.51475,715.648,70.0623,8314.34,0.0949965,0.853733,0.0152856,7533.41 
99,1.75,99,9306.61,-0.286868,19.9891,12.0968,92.6836,0.12378,-125.778,500,2.86572,7.39238,2.04038,-0.9247,3.44959,-289.359,689.595,93.7071,10247,8378.32,4.68774,9.2144,5.68442,0.897316,5.2716,0.779293,1095.45,123.77,10652.8,0.111431,0.834916,0.0209541,9830.77 
100,1.3,100,9548.28,-0.00334859,18.5738,12.3058,92.6098,-0.00406993,5.17587,6.69228e-11,1.99551,1.2558,2.96882,-0.321682,3.54078,-222.7,109.131,78.7985,10487.8,7441.25,3.39779,2.65808,5.77339,1.0806,4.94306,0.676614,421.489,101.936,10800.2,0.0454306,0.702625,0.0170893,9277.65 
101,2.8,101,4739.97,-0.864257,16.4464,12.2196,93.2971,-0.764805,1225.33,371.608,0.694496,4.45259,-4.39463,1.64692,0.324399,-671.455,3763.79,38.9019,4764.67,37049,4.92247,8.68056,4.06132,5.8749,4.55237,0.855426,4705.58,108.663,5706.45,0.501401,0.961158,0.033889,9384.86 
102,1.8,102,8489.82,-0.346768,18.283,12.2374,92.6345,0.089092,105.436,0.596704,-1.96047,-0.0420332,-6.18313,-4.11451,-3.31453,-356.061,700.152,77.5222,9433.49,7589.14,0.281549,2.19999,-1.69909,-1.87249,-1.07251,0.214313,1199.56,114.515,9932.9,0.12837,0.856852,0.0207958,9344.54 
103,1.6,103,8039.24,-0.011396,16.1168,12.3874,92.4916,-0.0261459,0.221177,500,-0.226389,-0.248913,-1.07598,2.04527,-0.253892,-261.471,278.505,51.4222,9098.96,6499.3,1.42002,1.3975,2.21685,3.69168,1.39252,0.780913,645.243,78.588,9465.7,0.0767497,0.824305,0.0150635,8407.11 
104,2,104,5889.23,-0.405037,14.5153,-11.9568,92.8974,-0.0465254,-85.1851,499.181,0.437673,4.20663,12.3948,-0.189492,-0.246235,-342.615,893.963,46.2137,6852.68,5778.88,2.59503,6.36398,16.7095,1.96786,1.91112,0.434487,1374.51,81.81,7333.23,0.186053,0.905667,0.0201368,7387.77 
105,6,105,2837.33,-1.02237,15.1237,11.7411,93.5809,-3.06706,1338.45,229.979,1.59472,-5.31932,3.88253,-3.93677,-5.69133,-822.819,5267.03,0.505799,2082.95,139415,6.77579,-0.138249,14.2447,1.24431,-0.510253,0.341021,6421.11,85.9935,3237.03,0.707523,0.9771,0.0466535,9075.48 
106,7,106,1874.53,-0.0902578,8.22536,10.9608,93.2543,-0.017697,95.4859,500,2.91133,1.7657,2.81244,-5.18459,-0.040076,-457.637,1824.79,-0.828222,2498.12,2989.9,5.79294,4.64732,8.57567,-2.30297,2.84154,0.561448,2466.67,46.7184,3140,0.489276,0.967919,0.0266766,5041.47 
107,8,107,7514.78,-0.369584,18.4532,12.1104,93.093,0.610829,268.16,2.28007e-05,2.51577,1.94996,4.55408,-0.997132,1.91358,-438.594,2084.07,69.2561,7938.76,12607.1,5.27748,4.71167,10.0775,1.76458,4.6753,0.619811,2699.24,114.824,8553.93,0.277887,0.930714,0.024131,9713.46 
108,9,108,6741.16,-0.217061,14.7249,12.0689,92.6157,-0.453241,411.994,20.3318,-2.48516,0.859038,1.04833,1.41438,-1.33073,-262.473,517.422,57.853,7544.83,11863.9,-0.832433,2.51176,4.35378,3.0671,0.32199,0.537923,885.566,85.123,7912.97,0.12009,0.856007,0.0194312,7374.21 
109,10,109,7585.43,-0.260788,15.1856,12.7976,92.6571,0.365774,-469.987,272.398,2.13543,2.39658,9.20663,0.52096,2.07151,-234.091,340.65,76.1912,8428.75,11922.6,3.60944,3.87059,12.1547,1.99497,3.54552,0.517197,668.986,100.512,8757.09,0.0852234,0.791809,0.0207056,7849.8 
110,6,110,1700.64,-0.0285236,-10.266,11.0094,93.5413,0.0689946,15.6626,4.8016e-07,5.38009,0.92407,9.0806,0.563345,-1.05073,-646.263,3809.56,25.9962,1559.05,3714.45,9.44944,4.99342,17.2193,4.63269,3.01861,0.562,4716,93.1404,2465.5,0.699941,0.966592,0.0650625,6737.71 
111,7,111,3314.84,-0.188286,12.3782,11.354,93.2481,0.325023,123.554,3.11435e-07,3.51634,-1.2201,2.61497,-2.72745,-0.575742,-574.002,2952.97,9.2133,3588.93,5882.4,7.13068,2.39423,9.84364,0.886887,3.03859,0.577418,3758.06,68.8498,4394.02,0.510526,0.968935,0.0280541,7361.16 
112,8,112,7049.28,-0.522774,17.1838,-12.3607,92.7942,1.21192,-662.943,0.644048,2.74513,0.864932,0.11456,0.354961,0.130677,-436.549,1859.09,58.6305,7546.44,33069,5.49396,3.61377,5.61223,3.1038,2.87951,0.728921,2471.39,103.986,8158.74,0.269757,0.931417,0.0229398,9161.56 
