cyc,VVA,cyc,ROIsum,fBg,fA1,fWidth1,fCtr1,fA2,fWidth2,fCtr2,box1,box2,box3,box4,box5,box6,box7,box8,box9,Nfit,BZ-2,BZ-1,BZ0,BZ1,BZ2,Excited,c5,c7,c9,fraction95,fraction75,fraction97,sum95
0,9,0,9095.73,-0.389638,18.9835,12.7352,93.1161,3.39905,-1537.75,5.34722,-4.39881,0.447375,-5.57293,-4.2478,5.07857,-232.405,997.481,32.9898,10044,178023,-2.93542,1.91076,-2.64615,-2.78441,6.54195,31.5073,1323.45,57.1357,10370,0.134677,0.929756,0.0100475,9826.85 
1,2.8,1,7706.92,-0.056748,17.8895,11.778,93.4816,-0.00155155,29.1726,489.524,-1.37965,1.52674,0.0233009,-3.81997,-1.31775,-293.722,4059.5,48.3111,5818.03,6860.51,0.469845,3.37623,3.72228,-1.97048,0.531742,0.392738,4471.48,78.8277,6230,0.466747,0.970073,0.0227771,9580.08 
2,1.35,2,9707.76,-0.326022,20.2767,12.2229,93.0677,-0.594065,1278.42,93.104,-3.79745,-1.32006,-6.77209,-3.67168,-2.1573,-228.568,38.6955,49.5875,11320.2,32791.1,-2.35822,0.119165,-3.89364,-2.23245,-0.718069,0.571337,359.284,73.3347,11640.8,0.036274,0.736812,0.0114718,9904.71 
3,1.2,3,9005.89,-0.321576,19.2221,12.074,93.0868,0.0640936,-17.5614,464.969,-7.21645,-4.4587,-8.5383,-8.98552,-1.43903,-164.939,-58.3692,30.8411,10745.8,7591.9,-6.17787,-3.42012,-6.46115,-7.94694,-0.400451,0.73527,172.974,47.9776,10977.1,0.0188544,0.673221,0.00798698,9174.2 
4,1.4,4,10173.9,-0.323615,21.0083,12.2662,92.7223,-0.563186,1425.85,95.5367,-2.94536,0.643291,2.10483,-7.82477,3.16899,-194.313,67.4518,34.5403,11763.9,34529.6,-1.72182,1.86683,4.55191,-6.60123,4.39253,-0.829393,339.995,54.7287,12036.5,0.0333005,0.780216,0.00830631,10209.9 
5,1.45,5,9762.26,-0.326141,20.2673,-12.2876,92.7741,0.116258,393.002,477.412,-5.42133,-2.95464,-6.01425,-2.68747,-4.08162,-202.412,139.674,23.0806,11167.1,9594.3,-4.14679,-1.68011,-3.46518,-1.41294,-2.80709,0.74355,423.576,44.1104,11451,0.043163,0.845851,0.00704595,9813.42 
6,8,6,7989.06,-0.452062,18.0973,12.4217,93.1935,0.824886,-142.332,398.945,-0.292604,-1.25023,0.231935,-4.673,-4.50447,-318.043,2060.21,36.8031,8150.18,11140,1.71003,0.752402,4.2372,-2.67037,-2.50183,-1.77408,2506.29,69.8466,8596.26,0.262295,0.953498,0.0147468,9555.23 
7,2,7,9337.1,-0.276557,20.1326,12.2504,93.0371,0.0848324,219.882,500,2.32477,3.29306,1.07157,-3.7941,-1.97654,-228.315,1355.94,50.7908,10006.5,8635.94,3.76241,4.7307,3.94685,-2.35646,-0.538903,0.586483,1676.17,74.5119,10326.8,0.165235,0.927821,0.0131172,10144.1 
8,1.3,8,9213.12,-0.032205,19.4134,11.803,92.6834,-0.00206363,4.95469,500,-1.61638,-1.27043,-2.05227,-2.21684,-1.88242,-256.366,27.5353,42.4154,10767.9,7459.51,-0.00211171,0.343838,1.17626,-0.602568,-0.268157,-0.817284,387.113,69.0508,11127.5,0.0406989,0.762106,0.0113019,9511.64 
9,1.75,9,8907.75,-0.335582,19.3107,11.9905,92.8992,-0.677499,117.602,165.525,1.42395,-2.0887,-6.39197,0.453441,1.02629,-237.687,453.083,24.4355,10127.1,10131.3,2.9206,-0.592047,-3.39867,1.95009,2.52294,1.99875,786.462,49.1302,10460.5,0.0839873,0.901451,0.00857768,9364.06 
10,1.6,10,9655.67,-0.38762,20.5421,12.3495,92.8919,0.123178,424.789,113.238,1.28792,0.0866517,-3.04724,-1.4581,-1.48007,-277.703,392.057,59.7068,11026.1,9961.61,3.03654,1.83527,0.450001,0.29052,0.268554,0.923481,781.562,88.559,11415.6,0.0770591,0.83452,0.0140892,10142.4 
11,4,11,6087.09,-0.0100871,16.7562,11.0287,93.5873,-0.132582,165.167,4.35123,-1.00002,-0.0190537,0.173603,2.72447,-6.86533,-400.805,7258.42,35.6296,1762.84,6728.67,1.52374,2.50471,5.22113,5.24823,-4.34157,0.485919,7820.59,77.2717,2325,0.804001,0.983003,0.0576905,9727.09 
12,6,12,6712.26,-0.0148153,17.7302,-11.2886,93.397,-0.0272086,35.3646,500,-1.04324,-1.10956,3.3842,-0.0245414,-2.89753,-352.111,6790,45.3221,2830.43,6546.82,1.17391,1.10759,7.8185,2.19261,-0.68038,0.326701,7283.87,81.905,3324.3,0.727674,0.980702,0.0434158,10009.8 
13,10,13,10340.4,-0.0054594,20.8022,12.4678,92.5717,0.000593951,0.798218,3.23695e-11,-5.42974,-4.07016,-1.19593,-2.22721,-1.75106,-240.78,842.813,23.1276,11557.3,8442.93,-3.91361,-2.55403,1.83632,-0.711076,-0.23493,1.32925,1180.53,48.1437,11895,0.107964,0.933387,0.00740052,10934.5 
14,0,14,9761.14,-0.0211897,20.6131,11.9003,92.7479,0.00157581,8.33849,500,-3.09229,-0.648086,-7.46811,-5.17673,-3.77369,-235.173,38.7848,30.3303,11563.4,7985.82,-1.61147,0.832737,-4.50647,-3.6959,-2.29287,0.600277,368.638,54.7639,11893.2,0.0364227,0.793666,0.00841086,10121.1 
15,3.5,15,6330.19,-0.567274,17.2173,11.7226,93.2812,0.440133,682.431,302.509,1.60032,4.44286,-0.572807,-1.47667,-2.42212,-323.321,6050.84,25.5313,3003.42,16348,3.63619,6.47873,3.49893,0.5592,-0.386249,0.746212,6504.33,59.1231,3456.91,0.69647,0.984342,0.0305431,9339 
16,7,16,7240.51,-0.0788661,17.9944,11.7024,93.4146,0.0308039,61.5718,3.53243e-06,-1.54844,0.0563686,0.21394,-4.33279,-6.3725,-355.739,4471.11,37.4505,5549.26,6916.74,0.691554,2.29637,4.69393,-2.0928,-4.13251,-2.22264,4970.07,74.4104,6048.22,0.50053,0.974468,0.022161,9929.61 
17,1.55,17,10176,-0.0341055,20.7869,12.2126,92.732,0.0976124,-165.815,1.26882e-09,-2.12861,1.39033,4.01459,-5.14337,-1.51647,-247.978,229.388,37.7932,11755,8790.94,-0.567157,2.95178,7.13749,-3.58192,0.04498,-0.19253,577.201,63.5571,12102.8,0.0549635,0.838436,0.00958098,10501.5 
18,5,18,6716.37,-0.364333,18.6116,11.6711,93.3674,12.6608,-9902.03,0.00132915,5.34724,-0.462805,-0.631263,-4.09744,-5.83696,-462.322,8650.94,40.5702,1368.83,4.08819e+06,8.25836,2.44832,5.19098,-1.18632,-2.92584,0.559545,9299.39,88.6037,2017.28,0.848983,0.9836,0.0748532,10953.6 
19,2.4,19,7576.25,-0.46637,18.6129,11.683,92.8546,0.0472211,161.948,492.145,0.920366,-4.67662,0.69428,-5.08746,-7.62547,-293.333,2512.65,60.0304,7485.56,7327.82,2.76741,-2.82958,4.38836,-3.24042,-5.77843,1.93516,2924.08,90.5066,7896.98,0.311085,0.948617,0.0206757,9399.61 
20,3,20,6473.44,-0.512916,16.9988,11.6937,93.2282,0.125849,-187.855,318.275,-0.920483,1.28493,6.96791,0.977652,-1.37739,-322.385,4474.73,48.9356,4549.93,7240.51,1.10949,3.3149,11.0279,3.00762,0.652576,0.423001,4926.91,82.4301,5002.11,0.545698,0.971554,0.0294618,9028.64 
21,1.65,21,9551.21,-0.315855,20.0973,12.1054,92.4737,0.166032,170.583,499.988,1.79205,-2.3501,2.98587,-1.92166,-2.18337,-343.502,204.866,35.353,10997.1,8841.72,3.95499,-0.187159,7.31176,0.241279,-0.0204238,0.352967,686.662,71.0416,11478.9,0.0679904,0.846701,0.011272,10099.4 
22,2.6,22,8054.83,-0.466135,19.1141,11.9192,92.9387,0.608635,104.86,10.4853,-0.944325,0.57618,-6.69519,-2.60012,-3.61641,-344.571,3333.59,34.963,7004.89,9494.02,1.22535,2.74585,-2.35585,-0.430445,-1.44674,-7.99755,3816.89,70.7626,7488.19,0.383329,0.968576,0.0171099,9957.2 
23,2.1,23,8637.37,-0.295864,19.5591,12.0637,92.9492,0.423023,193.155,499.322,1.63767,-2.92643,-1.64611,-1.82056,-3.06724,-333.948,1584.65,28.5663,9270.97,10341,3.74044,-0.823648,2.55944,0.28222,-0.964459,0.466115,2053.04,63.2622,9739.37,0.2045,0.948835,0.0118239,10039.3 
24,2.2,24,9262.09,-0.363407,20.1793,12.1416,92.6083,1.14963,-1256.86,6.92215e-09,-3.27673,-2.61732,-2.08776,1.45365,-1.97169,-340.249,2063.7,50.1483,9145.59,55013.2,-1.13427,-0.474862,2.19715,3.5961,0.170769,0.495475,2540.93,85.4988,9622.82,0.243579,0.944389,0.0161035,10431.6 
25,1.8,25,8570.38,-0.334687,18.5803,12.1777,92.5986,0.608752,410.15,499.995,-0.671577,1.16726,-4.68292,-2.44657,-2.76038,-260.677,575.66,30.0236,9774.56,15493.6,0.969839,2.80868,-1.40008,-0.805153,-1.11896,4.0817,941.286,57.107,10140.2,0.101692,0.904019,0.0102678,9256.24 
26,9,26,9465.79,-0.373803,19.2661,12.8724,92.3633,0.0660416,-168.776,400.657,-1.48419,-1.99398,-1.45985,-5.75966,-0.726515,-276.567,673.126,43.323,10632,8436.11,0.257284,-0.252511,2.02309,-4.01819,1.01496,3.07418,1061.04,72.0573,11019.9,0.105081,0.893778,0.0119019,10097.3 
27,2.8,27,7282.7,-0.562936,18.9519,11.5768,93.0246,-1.34407,819.898,54.9825,-3.19602,-1.02798,1.18784,-5.73262,-6.48407,-389.084,4165.41,29.1003,5777.65,43015.9,-0.746067,1.42197,6.08775,-3.28266,-4.03412,12.0063,4711.13,69.5246,6323.37,0.47605,0.974825,0.0198516,9896.3 
28,1.35,28,9095.82,-0.127454,18.6539,12.1741,92.4844,0.0554293,36.9387,1.48304e-07,-1.80801,-0.582535,-10.7679,-2.55399,-3.74455,-234.715,-32.8986,22.3808,10702.7,7459.33,-0.330075,0.895401,-7.81206,-1.07606,-2.26661,0.262275,296.312,46.7668,11032,0.0317165,0.783575,0.00774856,9342.51 
29,1.2,29,8710.06,-0.356114,19.1869,11.9655,92.511,0.843408,-51.3975,376.49,-2.41868,-3.44443,-4.12654,-1.59196,-5.66746,-149.727,-59.6406,17.201,10693.9,8884.74,-1.47589,-2.50164,-2.24095,-0.64917,-4.72467,0.806687,150.366,32.7571,10903.9,0.016539,0.72399,0.0055035,9091.6 
30,1.4,30,9881.53,-0.188991,20.9668,12.017,92.3446,0.165858,5.08016,500,-3.24194,-2.23075,-4.89639,-2.77101,-3.33155,-278.208,134.3,31.8707,11580.7,8229.5,-1.49014,-0.47895,-1.39278,-1.0192,-1.57975,0.766344,524.514,60.7755,11970.9,0.0507236,0.831412,0.00926561,10340.6 
31,1.45,31,8250.59,-0.320098,17.9043,12.0371,92.8442,2.10628,394.233,219.505,-5.3967,-3.2937,-0.529277,-1.27325,0.177194,-185.012,-41.9458,12.6891,10020.6,34046.8,-4.23173,-2.12873,1.80067,-0.108276,1.34217,1.54141,217.552,31.9111,10280.1,0.0251586,0.795738,0.0056857,8647.21 
32,8,32,9102.01,-0.330285,19.996,12.4503,92.7779,-0.164074,244.365,2.31973e-08,-4.89111,-2.36644,-6.72799,-4.6124,-4.2093,-296.244,2456.32,16.0238,9108.64,9409.49,-3.02574,-0.501066,-2.99724,-2.74703,-2.34393,0.741951,2871.83,46.8025,9524.15,0.268857,0.972271,0.00897105,10681.6 
33,2,33,8531.91,-0.369388,19.1787,11.8473,92.9826,-0.3556,217.929,243.702,-2.87174,-2.11377,-2.06676,-1.27214,-3.22623,-252.372,1156.01,42.2859,9260.5,9919.34,-1.28262,-0.52465,1.11148,0.316985,-1.63711,1.55135,1509.99,68.5063,9614.48,0.160742,0.926445,0.0129556,9393.86 
34,1.3,34,9514.63,0.0156267,20.2996,11.7988,92.2378,-0.0120052,11.6173,1.95556e-12,-5.00705,-0.959443,-8.62334,0.647597,-1.20773,-252.321,-33.9,24.8327,11503.8,7801.42,-3.41825,0.629354,-5.44575,2.23639,0.38107,0.0305201,320.004,51.0478,11857.7,0.0318624,0.781761,0.00786794,10043.3 
35,1.75,35,9171,-0.0429464,20.0846,11.7955,92.2999,0.0356793,30.915,499.978,-0.106792,3.55218,-0.931586,-1.18653,-0.973221,-245.048,561.157,15.1249,10568.4,7748.08,1.43621,5.09518,2.15442,0.356466,0.56978,0.775863,904.861,40.5844,10912.1,0.091838,0.927222,0.00680456,9852.79 
36,1.6,36,10164.6,-0.385025,21.3463,12.3887,92.1718,0.00465221,1101.04,299.556,-3.17249,0.467166,-0.749362,-4.78655,0.590197,-193.894,300.891,53.6643,11704.7,8775.55,-1.95158,1.68807,1.69244,-3.56565,1.8111,6.19753,572.847,73.8092,11976.6,0.055115,0.816006,0.0112251,10393.7 
37,4,37,6143.78,-0.441787,15.8904,11.6294,93.0176,0.524972,256.23,152.57,4.18707,-1.6063,1.00215,2.02224,-3.03787,-383.579,6706.47,72.5148,1789.21,10394.6,6.60236,0.808994,5.83273,4.43753,-0.622578,0.658086,7244.48,112.367,2327.21,0.791505,0.973574,0.0816793,9152.79 
38,6,38,7021.35,-0.491206,17.2531,12.0684,92.942,-0.190419,-175.575,296.557,3.58504,-0.790702,5.76535,0.613869,-3.13604,-350.515,6604.78,52.9221,2758.38,7866.54,5.79214,1.4164,10.1796,2.82097,-0.928942,0.472018,7096.42,89.3392,3250.02,0.726985,0.978444,0.0481968,9761.43 
39,10,39,9349.64,-0.15428,19.0367,12.4541,92.2991,0.344404,16.1885,500,-4.77,-0.588603,-2.51322,-3.6665,-3.23768,-176.114,563.318,41.355,10584.2,7899.38,-3.66105,0.520342,-0.295332,-2.55755,-2.12873,0.963639,810.336,59.6526,10831.2,0.0836092,0.885876,0.0100434,9691.94 
40,0,40,10661.6,-0.022973,21.3237,12.1453,92.5282,-0.0212418,36.5091,500,2.85915,-4.31656,-1.50101,-2.61076,-1.35034,-221.928,23.6233,33.9602,12203.9,8455.97,4.25657,-2.91914,1.29383,-1.21334,0.0470833,0.116847,334.899,57.0176,12515.1,0.0316023,0.77045,0.00832259,10597.3 
41,3.5,41,6793.26,-0.313986,18.113,11.3702,93.1728,-0.174413,271.833,1.16789e-08,1.5622,0.847137,0.950683,-0.274021,-2.70738,-381.383,6439.35,58.5636,3143.14,8247.67,3.96367,3.2486,5.75361,2.12744,-0.305915,0.610911,6974.28,98.1878,3678.07,0.698105,0.975955,0.046871,9990.29 
42,7,42,8276.12,-0.0496398,19.4984,11.8946,92.8621,0.00840629,16.7342,499.441,-2.76405,1.86096,-1.98012,-0.770355,-2.46162,-329.758,4931.42,63.2835,6130.31,7554.53,-0.687655,3.93736,2.17268,1.30604,-0.385221,0.657479,5393.94,97.5441,6592.83,0.499436,0.969324,0.0265317,10800.1 
43,1.55,43,9660.98,-0.350141,20.0934,12.4126,92.2065,0.339679,-391.161,440.984,-0.762956,-3.62214,-7.57091,-5.29725,-2.93867,-234.468,70.588,37.0102,11397.3,12444.5,0.713428,-2.14575,-4.61814,-3.82087,-1.46229,0.592527,399.453,61.3705,11726.1,0.0398859,0.788106,0.00954889,10014.9 
44,5,44,6870.47,-0.575994,17.7544,12.0846,92.9464,0.00397653,963.976,9.70811,1.89511,5.15619,-0.832168,2.73384,-0.634605,-340.494,8194.08,78.6533,1472.64,7109.29,4.03911,7.3002,3.45583,4.87784,1.5094,0.836853,8671.66,114.029,1950.22,0.844299,0.977506,0.0972351,10270.8 
45,2.4,45,8942.86,-0.183152,20.2843,11.7699,92.2792,0.83444,-1013.87,500,-2.94536,-2.72922,-7.97876,-1.10719,-4.4815,-293.308,3028.53,44.9854,8092.79,35312.5,-1.09848,-0.882333,-4.28499,0.739694,-2.63462,0.474925,3439.92,75.459,8504.19,0.330337,0.963031,0.0160824,10413.4 
46,3,46,8060.03,-0.324353,19.7239,11.7462,92.484,0.876429,59.1555,1.72264e-11,-3.41439,-0.898254,-0.70041,-4.83032,-6.3559,-310.338,5544.95,56.9156,5224.58,9229.72,-1.46028,1.05586,3.20782,-2.87621,-4.40179,1.71689,5980.23,89.1585,5659.86,0.56304,0.974573,0.0281999,10621.3 
47,1.65,47,9684.66,-0.0449715,20.6805,11.8964,92.171,-0.0223397,78.6852,448.82,-3.50193,-5.64596,-2.9607,-2.36037,3.85788,-264.054,428.035,10.3875,11131.7,8066.08,-1.83925,-3.98328,0.364652,-0.69769,5.52056,1.57424,798.396,37.8217,11502.1,0.0780438,0.923445,0.00602083,10230.1 
48,2.6,48,7546.9,-0.176603,18.3128,11.7073,92.5273,-0.494226,140.876,11.3564,-1.9261,-1.59113,-1.54585,-4.15968,-3.6673,-293.811,3336.51,44.8351,6702.88,9245.71,-0.0760502,0.258921,2.15425,-2.30963,-1.81725,2.20365,3748.61,75.3609,7114.97,0.391177,0.966014,0.0191379,9582.89 
49,2.1,49,9724.04,-0.313741,20.7086,12.2053,92.5208,0.27788,89.5054,500,-5.15237,2.16076,-3.75579,-3.71377,-4.78623,-271.952,1779.78,25.2684,9745.18,9037.64,-3.43996,3.87317,-0.330974,-2.00136,-3.07382,0.933445,2161.21,53.5232,10126.6,0.206517,0.958461,0.00964237,10465 
50,2.2,50,8644.01,-0.0377474,19.6305,11.6308,92.2782,0.0653402,-48.1178,0.0108517,-1.70323,-4.09206,-0.0287614,-4.17219,2.57809,-280.375,1780.77,33.0306,9055.97,7534.86,0.0622198,-2.32661,3.50213,-2.40674,4.34353,-0.103198,2174.02,62.1604,9449.22,0.219103,0.952348,0.011973,9922.38 
51,1.8,51,9013.82,-0.254208,19.2528,12.2552,91.8982,0.534392,168.039,499.962,-2.94286,-2.81493,-6.78553,-2.36823,0.141145,-231.192,630.356,8.4927,10321.4,10604.1,-1.48711,-1.35918,-3.87401,-0.912476,1.5969,0.358168,954.626,32.5127,10645.6,0.098577,0.943751,0.00559447,9684.06 
52,9,52,10423,-0.00766471,20.6785,12.4528,91.936,0.00835596,-9.64215,500,-7.23579,-1.66321,-1.47676,-0.883962,-0.729548,-289.715,822.216,23.053,11275,8385.26,-5.41153,0.161048,2.17175,0.940293,1.09471,3.08076,1228.57,53.1532,11681.3,0.11368,0.929616,0.00831242,10807.2 
53,2.8,53,8414.36,0.0352245,19.4724,11.644,92.8046,-0.0294235,1.66875,2.24651e-13,-0.0545369,-1.61078,-2.70598,0.0124256,-5.66344,-340.828,4586.12,53.0873,6238.92,7382.62,2.09157,0.535327,1.58622,2.15853,-3.51733,0.444271,5064.17,88.498,6716.97,0.479013,0.970326,0.0236952,10572.1 
54,1.35,54,10268.4,-0.378427,21.769,12.2174,91.9907,-1.74947,2833.29,385.652,-2.19617,-1.559,-1.94539,-4.2919,0.957978,-216.162,37.1638,24.1887,12046.6,170016,-0.835054,-0.197883,0.776836,-2.93078,2.31909,1.89519,340.352,46.647,12349.8,0.0325161,0.806551,0.00690982,10467.2 
55,1.2,55,9805.71,-0.365894,20.7484,12.2654,92.2109,0.475803,-890.988,345.093,-0.313347,-1.02919,-4.30112,-1.53556,-0.59728,-269.742,28.3867,25.5202,11677.8,22084.9,1.38515,0.669307,-0.904129,0.162931,1.10122,1.37446,406.726,53.5454,12056.2,0.0395157,0.812752,0.008115,10292.8 
56,1.4,56,9423.94,-0.0541147,20.2892,11.9233,92.294,0.0370937,29.2504,500,0.0795684,-5.04393,-7.37255,-3.53208,-1.06045,-272.61,39.5289,17.859,11505.4,7910.46,1.79612,-3.32738,-3.93945,-1.81553,0.656099,0.405827,421.89,46.1821,11887.8,0.0414844,0.839234,0.00710544,10169.9 
57,1.45,57,9435.66,-0.0360977,19.5996,12.2408,91.7449,-0.0173997,46.8038,500,-4.07686,-1.38343,-9.19866,-3.2118,-2.43653,-245.131,185.536,27.5889,11137.3,7836.55,-2.53333,0.1601,-6.1116,-1.66827,-0.893004,0.446719,529.357,53.0571,11481.1,0.0532344,0.850773,0.00844096,9943.89 
58,8,58,9886.24,-0.419808,20.7546,12.6407,92.4212,1.39456,-1668,194.415,-1.13573,1.15377,-1.01406,-0.173192,0.144496,-381.815,2352.98,53.5202,9408.11,84263.7,1.26845,3.55795,3.79432,2.231,2.54868,0.716851,2888.51,93.1893,9943.64,0.261586,0.946559,0.0169708,11042.3 
59,2,59,7923.14,-0.400724,18.3194,11.8752,92.4461,0.453527,66.9222,201.441,0.721537,-3.7054,-3.22321,0.270961,-3.08391,-276.081,1002.88,50.5785,8986.82,8069.85,2.45995,-1.96699,0.253606,2.00937,-1.3455,0.820194,1390.11,79.2623,9374.05,0.153149,0.90927,0.015337,9076.83 
60,1.3,60,9842.09,-0.134669,20.6111,12.1724,92.0329,0.20415,-117.057,2.9862e-09,-2.09863,-0.780059,-4.75593,-0.295051,-2.70067,-210.031,94.2876,37.9872,11508.8,8945.12,-0.776121,0.542452,-2.11091,1.02746,-1.37816,0.216813,388.877,59.8087,11803.4,0.0386263,0.787931,0.00924775,10067.7 
61,1.75,61,9978.96,-0.0121962,21.1836,11.9029,92.3582,-0.00916812,-29.1356,499.899,0.22908,1.40276,-3.24651,-2.43662,2.91525,-260.192,665.66,26.8406,11357.3,8216.88,1.86744,3.04112,0.030212,-0.798257,4.55361,0.996525,1030.6,53.8736,11722.3,0.0968353,0.916188,0.00839494,10642.9 
62,1.6,62,10016.2,-0.357207,21.2648,12.1362,92.2583,-0.525173,-754.363,102.238,5.42331,-2.10462,-4.56227,-4.31109,-0.177687,-286.885,244.787,21.9708,11536.7,21297.8,7.22974,-0.298183,-0.9494,-2.50465,1.62875,1.18593,647.171,51.777,11939.1,0.062006,0.877186,0.00792545,10437.2 
63,4,63,6569.34,-0.224415,17.4639,11.3417,93.1082,2.32453,-1447.85,499.999,-1.78358,2.69053,0.757584,0.196587,0.204186,-363.022,7462.22,84.868,1795.6,116008,0.502271,4.97639,5.32929,2.48244,2.49004,0.662285,7971.39,122.585,2304.78,0.80835,0.973794,0.0892336,9861.31 
64,6,64,6350.78,-0.000378932,16.3493,11.3094,92.9812,-0.00502958,10.4578,1.07409e-06,0.107574,2.04443,-1.05393,2.04417,-1.36504,-286.619,6211.75,77.7385,2661.28,6020.83,1.91234,3.84919,2.5556,3.84893,0.43972,0.797268,6613.76,107.517,3063.3,0.724743,0.972338,0.0607287,9125.67 
65,10,65,9621.59,-0.389825,19.4117,13.0438,92.2157,0.425484,-313.433,191.983,-7.58058,-4.64727,-5.61967,2.34818,0.902227,-239.252,564.004,37.3082,10979.4,12583.9,-6.07407,-3.14076,-2.60666,3.85469,2.40874,0.531013,899.579,62.1656,11315,0.0883857,0.892113,0.0100193,10177.9 
66,0,66,9842.44,-0.360372,20.6372,12.3399,92.1809,-0.530625,1134.51,0.193372,-6.39395,-5.11775,-3.52969,1.13098,-3.43918,-233.91,-29.5227,41.1256,11643.7,27887.2,-4.92108,-3.64488,-0.583947,2.60385,-1.96631,0.9314,298.559,65.428,11971.8,0.0295151,0.722802,0.00996706,10115.5 
67,3.5,67,7792.86,-0.530331,19.5627,11.7271,92.5815,0.382643,-442.401,480.625,0.155334,-2.04117,-5.76066,0.444803,-0.319731,-331.159,6905.73,84.7361,3479.56,12978.8,2.24056,0.0440519,-1.59022,2.53002,1.76549,1.31869,7370.21,119.142,3944.05,0.695019,0.972489,0.0527132,10604.3 
68,7,68,8081.94,-0.0261247,18.58,11.8451,92.3297,0.0341076,-7.75479,5.90986e-10,-0.0802978,-0.165554,-1.10691,-2.54729,-0.350943,-383.793,4663.65,84.2618,5817.83,7173.02,2.33634,2.25109,3.72637,-0.13065,2.0657,0.636411,5201.96,124.136,6356.14,0.499516,0.959913,0.0347272,10414 
69,1.55,69,10111.2,0.00381523,21.0671,11.9412,92.1351,0.00259179,5.81866,2.31192e-12,3.3245,-0.293997,0.0272108,-7.22033,1.12145,-301.205,140.93,36.5698,11802.2,8189.77,5.22111,1.60261,3.82043,-5.32372,3.01806,0.541832,563.4,67.8639,12224.7,0.053213,0.825904,0.0101227,10587.6 
70,5,70,5622.71,-0.548575,15.599,11.8177,93.0025,1.0459,20.1031,21.9565,-2.85348,-0.0732042,4.49901,2.41182,0.87549,-349.866,7038.56,90.8176,1213.98,6685.44,-0.650469,2.12981,8.90503,4.61483,3.0785,0.507403,7529.28,127.167,1704.7,0.843415,0.971292,0.120815,8927.13 
71,2.4,71,8640.37,-0.309921,20.6801,11.8519,92.635,0.747332,84.8224,4.91651e-08,-6.18335,-0.704144,-8.1977,-0.674453,2.13041,-285.993,3016.48,76.6486,8438.97,10042.3,-4.38252,1.09668,-4.59605,1.12637,3.93123,-0.627328,3417.61,106.362,8840.11,0.320406,0.94835,0.0216832,10666.5 
72,3,72,7815.87,-0.366087,19.0726,11.6399,92.7703,0.122005,328.082,500,-2.27389,1.44735,2.42319,-3.22814,-1.38306,-295.541,4997.89,80.2103,5186.12,8529.99,-0.412942,3.3083,6.14508,-1.3672,0.47788,0.246106,5412.41,110.916,5600.64,0.540974,0.965379,0.0351973,10004.9 
73,1.65,73,9370.2,-0.384058,19.9857,12.3633,92.1136,0.198534,364.834,93.6806,-0.0688681,-0.801579,-5.50822,-6.44675,1.33546,-191.656,341.712,31.8654,11038.3,10401.4,1.13794,0.40523,-3.09461,-5.23994,2.54227,0.271705,610.529,51.7778,11307.1,0.0617796,0.870766,0.00836485,9882.37 
74,2.6,74,7549.98,-0.404062,18.22,11.516,92.2222,-0.142932,291.796,491.125,-1.15441,-0.246917,-0.239617,1.79536,2.24299,-284.508,3204.54,55.9713,6398.92,8188.08,0.637056,1.54455,3.34332,3.58683,4.03446,0.745682,3603.59,85.5306,6797.97,0.392636,0.96012,0.0226519,9177.92 
75,2.1,75,8157.31,-0.464026,19.212,11.9618,92.4477,-0.0172269,367.57,442.854,-2.53387,0.759072,-0.120729,-2.08314,-0.84959,-286.781,1484.35,21.6897,8914.3,7687.23,-0.728089,2.56485,3.49084,-0.277353,0.956193,0.418818,1886.59,51.4851,9316.54,0.198043,0.954419,0.0100773,9526.15 
76,2.2,76,8255.97,-0.4194,18.5855,12.2081,92.1101,0.161093,210.798,315.371,-4.26671,-2.26086,-1.01756,-2.09332,-0.881143,-284.539,1801.21,37.1485,8583.03,8491.57,-2.47505,-0.46919,2.56578,-0.301656,0.910523,-10.1359,2200.31,66.711,8982.12,0.230022,0.949615,0.0134968,9565.65 
77,1.8,77,8920.54,-0.0559763,19.5224,11.7306,91.7933,0.0305129,13.488,491.464,-2.55441,3.66148,2.07788,-2.55505,-2.54121,-270.523,651.553,22.4051,10265,7468.44,-0.851,5.36489,5.48471,-0.851637,-0.837794,0.339921,1030.99,50.5114,10644.4,0.10564,0.921032,0.00866565,9759.43 
78,9,78,10147.7,-0.400356,20.8186,12.7686,91.8099,0.127998,-118.38,328.921,-3.11595,-3.83593,-1.52421,-3.43255,-1.17452,-297.45,840.395,38.645,11311.9,9146.73,-1.24299,-1.96297,2.22171,-1.55958,0.698438,2.20392,1257.6,69.5488,11729.2,0.115636,0.91176,0.0108049,10875.5 
79,2.8,79,7277.91,-0.441061,18.1458,11.7174,92.3565,0.620899,-2063.18,4.96029e-07,-4.42806,-2.11895,-6.13644,-1.27205,-3.30853,-317.379,3959.59,47.8,5707.94,48623.2,-2.4296,-0.120497,-2.13954,0.7264,-1.31007,0.59427,4404.74,80.7745,6153.1,0.466096,0.968906,0.0236112,9450.28 
80,1.35,80,9472.76,-0.295844,20.9151,-11.9256,92.034,0.370937,-217.072,0.0771953,0.926528,-5.07626,-8.11586,-6.22539,-1.77308,-247.494,-34.548,21.5712,11568.3,10740.8,2.48493,-3.51786,-4.99906,-4.66699,-0.214679,0.541945,312.586,47.2848,11915.5,0.0310004,0.790687,0.00725708,10083.3 
81,1.2,81,9761.41,-0.0893142,20.7687,12.0901,92.0596,0.00724671,28.9408,0.000542684,1.49388,-0.47476,-8.08994,-0.674967,-5.42528,-213.039,-49.9875,36.0822,11866.1,8180.81,2.83533,0.866687,-5.40705,0.66648,-4.08384,-0.0555709,248.82,58.2161,12164.9,0.0243367,0.709499,0.00873851,10224 
82,1.4,82,9244.07,-0.369266,19.5763,12.3962,91.9809,-0.020537,968.861,318.518,-5.67827,-4.11928,-4.15981,-4.58958,-1.00918,-232.891,85.5062,17.2679,11018.9,8547.46,-4.21182,-2.65283,-1.22691,-3.12313,0.457272,0.885948,412.159,41.4643,11345.5,0.0424228,0.8503,0.00668728,9715.51 
83,1.45,83,9759.08,-0.0246011,20.6686,11.7294,92.0445,-0.0266598,23.4963,500,-4.3332,-1.03494,-6.06266,-2.48094,-0.997306,-267.943,67.2885,24.4274,11351.7,7912.28,-2.64604,0.652222,-2.68833,-0.793774,0.689859,0.4383,443.105,52.2656,11727.5,0.0440475,0.8289,0.00814277,10059.7 
84,8,84,8669.07,-0.45999,19.3943,12.399,92.167,0.372603,598.205,499.897,-1.59573,0.254644,-9.19593,-2.95545,0.81341,-306.844,2185.68,44.8039,8739.56,15084,0.336384,2.18676,-5.33169,-1.02334,2.74553,-3.90785,2616.06,76.6838,9169.94,0.25811,0.951206,0.0151709,10135.4 
85,2,85,9331.17,-0.204658,19.7462,12.1286,91.902,-0.265026,267.275,320.435,1.27435,-0.0568675,0.1056,-2.34514,1.52464,-300.345,1276.74,38.0102,10055.3,10102.2,3.16554,1.83432,3.88798,-0.453955,3.41583,0.671893,1698,69.2148,10476.6,0.165034,0.933415,0.0120238,10288.8 
86,1.3,86,9806.63,-0.0319544,20.8751,11.8606,92.1388,0.00522078,33.2244,6.87208e-12,-5.75067,-3.62588,-7.37952,-1.99281,-5.76637,-256.351,-5.17891,26.2408,11808,8065.57,-4.13649,-2.0117,-4.15117,-0.37863,-4.15219,0.720086,354.379,52.8747,12167.6,0.0342998,0.792954,0.00794137,10331.8 
87,1.75,87,9650.05,-0.212195,20.6331,12.0188,91.736,0.0228558,257.731,499.049,-1.80251,-2.01859,-5.30556,-0.642563,1.90127,-274.017,575.182,24.5563,10831.5,8264.51,-0.0770966,-0.293175,-1.85473,1.08285,3.62669,1.74651,959.518,53.0256,11215.8,0.0944732,0.911818,0.00863381,10156.5 
88,1.6,88,10053.3,-0.365053,21.0359,12.3489,91.8706,0.233961,1107.21,56.2285,0.660211,-2.85153,-6.15665,-3.52549,-1.58151,-215.616,367.235,27.5159,11471.4,16889.2,2.01789,-1.49385,-3.4413,-2.16781,-0.223833,0.351787,669.657,49.9175,11773.8,0.064863,0.884605,0.00774947,10324.2 
89,4,89,6031.05,-0.567639,16.6129,11.7605,92.8069,0.19238,180.703,164.05,-2.63876,-2.52983,-3.42373,-1.19565,0.623786,-374.102,7121.51,71.9272,1726.66,7491.78,-0.283139,-0.174211,1.28752,1.15997,2.97941,0.740918,7646.23,110.795,2251.37,0.805515,0.975269,0.083119,9492.35 
90,6,90,7563.01,-0.471345,18.4889,11.7763,92.7906,-2.53882,64.3824,9.34488,-2.34836,0.277461,2.67324,0.684501,-0.438037,-388.066,6765.32,78.9244,3090.21,12408.9,0.0951917,2.72101,7.56034,3.12805,2.00551,0.512554,7309.62,119.243,3634.51,0.710367,0.972244,0.0569923,10289.9 
91,10,91,9806.33,-0.377509,19.8782,12.8693,91.8443,0.345253,130.498,498.57,0.167591,-1.57662,-6.96546,-2.19957,-3.94341,-270.978,702.68,33.4616,11013.8,9794.42,1.87387,0.129659,-3.55291,-0.493294,-2.23713,0.169843,1082.75,61.6152,11393.8,0.103854,0.909434,0.00986341,10425.7 
92,0,92,10090.6,-0.221462,21.1109,12.1259,91.6858,-0.4304,1439.33,1.01256e-09,-0.828752,-4.16052,-9.9505,-2.37222,-2.85499,-266.915,-29.3393,26.7219,11862.7,28499.7,0.851944,-2.47982,-6.58911,-0.691525,-1.1743,0.346501,345.036,54.4534,12237.1,0.0332423,0.783586,0.00813049,10379.4 
93,3.5,93,7401.07,-0.131289,18.382,11.2473,92.7309,0.136956,90.15,5.26139e-08,3.564,-1.61229,2.36561,-1.89253,-0.717199,-370.392,6490.07,72.7468,3212.51,7132.22,5.89626,0.719965,7.03013,0.439734,1.61506,0.552254,7009.58,111.229,3732.02,0.696097,0.972981,0.0520447,10069.8 
94,7,94,8178.42,-0.488554,19.0857,12.2097,92.3512,2.31551,423.68,137.876,-4.71725,-3.72244,-6.75164,-4.20807,0.933747,-231.797,4564.48,64.2105,6067,39521.9,-3.25768,-2.26287,-3.83251,-2.7485,2.39331,0.605232,4889.6,88.2934,6392.12,0.482631,0.969368,0.0248133,10131.1 
95,1.55,95,9513.78,-0.0904679,21.2836,11.7515,91.6877,-0.0291415,97.0186,348.701,-0.232562,-3.5345,-7.62221,-3.37162,-3.65075,-269.718,264.72,24.9477,11569.8,8234.05,1.46578,-1.83616,-4.22553,-1.67328,-1.95241,0.486045,643.026,52.9703,11948.1,0.0615896,0.874004,0.00810056,10440.5 
96,5,96,6284.38,-0.0412793,16.3714,11.3412,92.8266,0.0420026,-8.65427,1.44432e-10,-0.421019,-0.589495,-3.2678,-1.99701,-2.00449,-329.609,7596.32,83.3753,1218.81,6056.07,1.65444,1.48597,0.883119,0.0784476,0.0709705,0.78837,8058.63,117.62,1681.12,0.853926,0.975094,0.114169,9437.15 
97,2.4,97,8726.67,-0.366969,20.1314,11.8515,92.2536,0.274311,50.3201,5.05003e-10,1.05118,1.08466,-1.74274,1.04145,-2.42911,-300.398,2913.65,74.1963,7884.59,8216.13,2.94271,2.97619,2.04031,2.93297,-0.537585,0.802956,3334.99,105.406,8305.92,0.328705,0.947588,0.0228433,10145.8 
98,3,98,7550.99,-0.0697264,17.6264,11.6397,92.475,-0.146005,122.164,1.47445e-05,-4.79833,0.728909,-3.4428,-2.33353,1.0831,-248.098,4783.34,79.2222,4864.73,7259.43,-3.23612,2.29112,-0.318389,-0.771327,2.6453,1.52145,5131.32,104.999,5212.71,0.545552,0.965429,0.0357777,9405.74 
99,1.65,99,8486.65,-0.385548,19.5999,11.636,91.7734,-0.0774948,209.345,254.719,1.90329,-5.4134,-8.81422,1.89893,-4.4904,-247.584,271.809,12.5632,10277.3,7952.38,3.46226,-3.85443,-5.69627,3.4579,-2.93142,-0.0241485,619.07,38.2863,10624.6,0.0663438,0.902341,0.00659434,9331.25 
100,2.6,100,8422.05,-0.430459,19.324,11.9931,91.9974,-0.0810035,12.748,360.808,-2.99829,0.736706,1.84691,-0.0930627,-5.26797,-294.346,3421.43,51.6394,7024.93,7577.99,-1.14487,2.59013,5.55375,1.76036,-3.41455,-0.039093,3834.28,82.2208,7437.78,0.386004,0.963831,0.0199571,9933.26 
101,2.1,101,9336.93,-0.167407,19.7629,12.0358,92.0453,0.0843533,-81.0632,500,-1.76473,-4.14407,-13.8695,-4.99441,-3.80763,-264.308,1603.18,35.0856,9528.84,7965.78,-0.100453,-2.4798,-10.541,-3.33013,-2.14335,0.43312,1973.9,62.5461,9899.55,0.195599,0.947462,0.0115047,10091.5 
102,2.2,102,9092.27,-0.338261,20.0013,11.7921,92.0095,-0.221583,757.734,317.352,-1.86377,0.308927,-1.77384,0.840327,-5.53679,-284.806,1908.8,47.851,8945.86,13143.7,-0.0704162,2.10228,1.81286,2.63368,-3.74344,0.337154,2308.27,77.4413,9345.33,0.231488,0.944544,0.0150353,9971.44 
103,1.8,103,9889.22,-0.390195,21.2646,12.1826,91.9005,-0.0200495,641.898,464.192,1.05173,-5.02796,-5.18655,-0.347405,-5.70565,-261.655,633.014,24.9396,11201,8852.13,2.6993,-3.38038,-1.89141,1.30017,-4.05807,0.645166,1000.01,52.1246,11568,0.0953681,0.916408,0.00823204,10485.8 
104,9,104,9186.67,-0.445442,19.7704,12.6483,91.7264,-1.98667,-305.2,415.042,-2.597,-6.57098,-7.78867,-6.09927,-6.62064,-259.738,804.194,28.9226,10670.4,27878.4,-0.961494,-4.93547,-4.51766,-4.46377,-4.98514,0.772565,1168.5,55.9084,11034.7,0.114369,0.922738,0.00924694,10216.9 
105,2.8,105,8001.28,-0.0224863,18.6631,11.4467,92.0502,-0.0154533,7.39677,500,-1.2499,-1.9191,-4.10304,-1.21374,-3.25998,-257.409,4068.39,68.0068,6079.16,6958.14,0.370939,-0.298267,-0.86137,0.407098,-1.63914,0.573736,4429.43,94.7506,6440.2,0.456154,0.963916,0.0263866,9710.39 
106,1.35,106,8557.81,-0.320254,18.5782,12.0948,91.6947,-0.296229,275.177,0.106092,-6.94952,-4.07425,-8.20674,-5.31817,-4.87189,-224.29,-54.2985,25.1784,10394,9968.31,-5.53722,-2.66195,-5.38215,-3.90587,-3.4596,0.743056,260.291,48.4813,10708.6,0.0287889,0.754175,0.00827082,9041.36 
107,1.2,107,9391.97,-0.0278416,20.0661,11.9122,91.8404,0.0267288,-26.2312,500,1.06421,0.996661,-5.97874,-4.87432,-3.23865,-243.667,-26.3127,21.146,11348.4,7804.07,2.59852,2.53097,-2.91012,-3.34001,-1.70434,-0.0301377,315.454,46.4621,11690.2,0.0318595,0.79507,0.00726813,9901.42 
108,1.4,108,10436.2,-0.399853,22.0347,12.3457,91.8085,0.181414,-959.845,32.8379,0.361727,-4.18313,0.848907,-1.11258,-1.1828,-257.825,108.054,27.9757,12312.7,14524.1,1.98518,-2.55967,4.09582,0.510879,0.440657,0.0842968,469.679,54.7628,12674.3,0.043238,0.830535,0.00789645,10862.6 
109,1.45,109,9602.58,-0.0840227,21.1179,11.7123,91.6555,0.0113874,184.279,1.00459e-06,-3.20101,-6.66867,-8.59233,-2.7755,-6.19597,-213.794,195.049,25.2818,11366.1,8120,-1.8548,-5.32247,-5.89992,-1.42929,-4.84977,0.695193,494.916,47.4942,11666,0.0491913,0.856211,0.00744367,10061 
110,8,110,8599.4,-0.0147515,18.6657,12.0425,92.163,0.00420775,-3.00016,499.998,-0.644111,-2.54013,-4.6568,-2.08179,-0.594053,-275.761,2088.25,35.2075,8650.53,7317.83,1.09228,-0.803743,-1.18402,-0.345396,1.14234,-11.0156,2475.03,63.8579,9037.31,0.250366,0.956799,0.0128491,9885.62 
111,2,111,9874.57,-0.112175,21.2275,11.9238,91.7348,0.411309,-191.049,3.88844e-05,-6.08727,-2.20128,-2.2323,-4.14385,0.435622,-280.25,1334.9,58.2795,10465.8,10797.6,-4.3226,-0.436617,1.29702,-2.37918,2.20028,1.35622,1727.98,87.3964,10858.9,0.162522,0.918687,0.0146093,10632.3 
112,1.3,112,10422.9,-0.00214151,21.8354,11.954,92.0792,-0.0050783,-0.963279,4.19328,-5.86266,-1.1146,-5.50545,0.364528,-1.5601,-254.164,-5.53973,19.4178,12320.1,8497.23,-4.26225,0.485806,-2.30464,1.96493,0.0402983,0.434563,350.95,45.8244,12676.6,0.0326594,0.814,0.00661494,10745.8 
113,1.75,113,9010.84,-0.0807407,19.4558,11.9912,91.5929,-0.022985,42.0026,0.00281349,-1.61001,-3.59144,0.106573,0.0453008,-1.14397,-259.034,477.032,6.35451,10466.8,7626.04,0.021057,-1.96037,3.36871,1.67637,0.487101,0.0623897,840.353,33.2672,10830.2,0.0864463,0.935211,0.00562658,9721.09 
114,1.6,114,8918.61,-0.359814,19.8347,11.8242,91.7709,-0.129074,325.607,152.132,-1.18418,-3.58216,-1.72315,-0.887294,0.199168,-267.646,169.564,34.6716,10556.2,9002.84,0.501116,-1.89686,1.64744,0.798001,1.88446,0.438532,544.963,62.479,10931.6,0.0573112,0.832893,0.0104188,9508.84 
115,4,115,6864.98,-0.0220766,17.6131,10.9426,92.6436,-0.0262386,34.3798,5.33691e-11,-2.81712,0.234932,2.66246,-0.360945,-1.11402,-357.381,7183.91,86.4938,2014.38,6303.47,-0.566783,2.48526,7.16313,1.88939,1.13632,0.408364,7685.17,123.624,2515.64,0.788384,0.97262,0.0830106,9748 
116,6,116,6846.27,-0.45361,16.7688,11.936,92.6684,0.339915,-141.001,463.122,0.870522,-0.361698,2.86203,0.887392,0.738566,-311.009,6116.66,100.598,2915.52,8075.82,2.82886,1.59664,6.77871,2.84573,2.69691,0.595225,6552.88,132.91,3351.74,0.704512,0.965722,0.0680744,9301.31 
117,10,117,9876.44,-0.0110214,20.3912,12.264,91.8413,0.0129818,-12.9663,500,-3.38715,-2.02495,-4.63801,-3.17763,-0.022056,-247.97,756.886,7.20771,11043.2,8146.36,-1.82575,-0.463549,-1.51521,-1.61623,1.53934,0.609623,1104.69,32.9708,11391,0.105759,0.950362,0.00530363,10445.3 
118,0,118,9237.51,-0.230969,20.197,11.947,91.7742,0.407513,-316.216,500,-5.61308,0.806612,-4.33801,-4.81972,1.34632,-252.971,-47.1788,9.77584,11323.4,12049.8,-4.02018,2.39951,-1.15222,-3.22683,2.93922,0.62352,307.638,36.0586,11678.2,0.0311255,0.829793,0.00565565,9883.79 
119,3.5,119,7244.67,-0.157586,18.2599,11.3833,92.5542,0.00289021,67.9016,1.30612e-10,-0.174956,-4.65097,-4.06183,-3.17488,-3.2728,-377.877,6512.66,84.0559,3224.07,6772.83,2.20444,-2.27158,0.696956,-0.79549,-0.89341,1.65807,7042.67,123.316,3754.08,0.695846,0.970269,0.0570578,10121 
120,7,120,7710.16,-0.392224,17.2383,12.2956,92.4195,0.788115,-1618.93,13.3824,-0.277755,-2.52353,-0.284229,1.17877,1.07658,-326.405,3822.27,76.5793,5929.6,48434.8,1.77753,-0.468243,3.82634,3.23405,3.13187,0.66732,4280.09,110.491,6387.41,0.449695,0.956776,0.0308813,9517.77 
121,1.55,121,9467.49,-0.0272552,20.6489,11.7131,91.7347,0.000811436,-27.9668,500,-3.15391,-0.715076,-7.13462,-4.06846,-3.7926,-224.251,246.43,30.8537,11241.3,7874.16,-1.74186,0.696974,-4.31052,-2.65641,-2.38055,0.585223,560.964,54.1526,11555.8,0.0558911,0.855479,0.00855854,10036.7 
122,5,122,5854.45,-0.458583,15.5029,11.5573,92.4345,0.271238,-239.923,237.95,1.48385,2.22505,-5.22569,0.0392998,-1.6666,-325.388,6868.36,90.1018,1215.32,7951.09,3.53273,4.27393,-1.12793,2.08818,0.382276,1.12328,7324.75,123.908,1671.71,0.842356,0.971248,0.120135,8695.55 
123,2.4,123,9007.39,-0.457248,20.6998,11.957,91.8967,0.158462,943.511,0.460549,0.118977,0.37845,-3.33925,-2.58064,-2.21945,-311.035,2739.21,68.383,8446.27,12924.2,2.07748,2.33695,0.577755,-0.622137,-0.260941,0.859397,3175.47,100.698,8882.53,0.303607,0.947423,0.0204562,10459.1 
124,3,124,7304.65,-0.0406798,18.1019,11.3214,92.2175,0.0201356,24.0444,500,-2.34603,-3.73754,-5.82853,2.82104,-1.69514,-369.279,4711.67,69.7861,5139.18,6687.2,-0.0207751,-1.41229,-1.17802,5.1463,0.630119,1.37216,5229.62,108.153,5657.13,0.529933,0.965073,0.0340192,9868.47 
125,1.65,125,9563.29,-0.378808,20.449,12.2591,91.7197,4.74364,-8804.3,14.0472,1.11498,-2.02032,-5.61546,-2.47314,-1.79129,-299.062,358.553,38.7121,11090.5,1.36773e+06,2.9981,-0.137207,-1.84924,-0.590028,0.0918209,4.60159,778.016,69.7835,11510,0.0761551,0.864331,0.0110451,10216.2 
126,2.6,126,8447.02,-0.041204,19.1464,11.6342,92.2504,0.0371936,-23.2628,6.66602e-08,-2.52359,1.40637,-0.372004,2.25522,-1.72393,-344.591,3569.74,82.5809,7040.95,7279.55,-0.353794,3.57617,3.96759,4.42502,0.445864,0.671036,4053.06,118.383,7524.27,0.396466,0.951371,0.0281663,10223 
128,2.2,128,9569.17,-0.237411,20.7765,12.1252,91.9845,0.236906,-18.2052,1.4163e-05,-0.489609,-2.95018,-5.41047,2.65985,-0.962823,-283.268,1995.36,54.2693,9655.37,8341.24,1.29405,-1.16652,-1.84314,4.44351,0.82084,1.51938,2392.67,83.6998,10052.7,0.224963,0.942313,0.0151059,10635.9 
129,1.8,129,10225.5,-0.10545,21.7711,12.07,91.7371,0.101333,-550.731,207.241,-1.50294,-0.842658,-1.01217,-2.54263,1.04725,-271.028,663.561,25.1708,11421.7,10370.9,0.20365,0.863935,2.40102,-0.836034,2.75384,0.554245,1043.7,53.3296,11801.9,0.0973494,0.917921,0.00825529,10721.2 
130,9,130,8985.27,-0.0251768,18.8488,12.1171,91.7055,0.00327139,-14.6484,500,3.55994,-3.9359,2.54214,1.11949,-1.53554,-281.499,567.945,18.958,10365,7436.49,5.33246,-2.16337,6.08719,2.89201,0.236989,0.508514,962.776,48.2047,10759.9,0.0983843,0.919439,0.00818517,9785.87 
131,2.8,131,8403,-0.380094,19.0322,11.8552,91.9087,0.689644,-367.046,134.037,-1.95161,0.533402,-0.434086,-2.16117,0.0522399,-329.174,3971.38,78.7974,6343.63,15585.3,0.121112,2.60612,3.71136,-0.0884426,2.12496,0.562087,4433.08,112.997,6805.33,0.442713,0.957298,0.029679,10013.4 
132,1.35,132,9235.42,-0.370061,20.3544,12.1327,91.5526,0.0247089,1100.2,500,0.518602,-3.44983,-0.37596,4.187,-2.22739,-274.459,43.245,18.3559,11200,8924.13,2.2468,-1.72164,3.08043,5.9152,-0.499193,0.658549,428.2,46.8711,11584.9,0.0431312,0.839239,0.00739777,9927.85 
133,1.2,133,10003.9,-0.00696054,21.268,11.9034,91.5141,-0.00569826,-6.02672,500,-4.12942,1.70893,4.92498,0.973894,-2.39629,-332.79,22.4474,6.06104,12067.1,8242.37,-2.03393,3.80443,9.11597,3.06939,-0.300797,0.332411,489.218,40.6367,12533.9,0.0454368,0.873086,0.00593691,10767 
134,1.4,134,10236.4,-0.252604,21.3692,12.3761,91.7898,-0.17559,148.255,0.199345,-1.39841,1.97273,-5.33339,1.341,1.05675,-278.101,31.2052,30.7992,12108.4,9456.69,0.352715,3.72386,-1.83113,3.09213,2.80788,1.2248,421.269,59.6928,12498.4,0.0394817,0.801301,0.00872121,10670 
135,1.45,135,10164.1,-0.0464102,21.2355,12.1906,91.5583,0.213727,-191.529,500,1.78986,1.18562,-7.12078,-0.584437,0.731938,-298.42,49.9113,8.76657,12265.3,9759.79,3.66893,3.06469,-3.36264,1.29464,2.61101,1.46211,468.475,39.7713,12683.8,0.043101,0.87065,0.00574291,10869.2 
136,8,136,10070.2,-0.351259,20.8254,12.8108,91.5864,0.414472,-836.152,5.84883e-08,-5.12075,-2.18577,-3.62265,-3.2831,-2.22894,-296.881,2367.29,44.8815,9746.39,19966.7,-3.25137,-0.316391,0.116118,-1.41371,-0.359552,1.02222,2783.69,75.7264,10162.8,0.250396,0.954557,0.0135403,11117.2 
137,2,137,9010.86,-0.0732919,20.1195,11.752,91.9543,0.069194,37.2867,499.97,-1.35236,-5.93748,-4.37927,-2.86756,0.0825376,-365.773,1216.45,38.9683,10105.6,7781.03,0.950812,-3.6343,0.227082,-0.564384,2.38571,1.35757,1729.49,76.9707,10618.6,0.165711,0.927744,0.0131768,10436.8 
138,1.3,138,10470.8,-0.447405,22.0884,12.5939,91.5799,0.334206,901.619,5.9065,-5.66187,-8.96044,-4.57022,1.13015,0.0657091,-295.173,142.234,33.3286,12531.6,18864.8,-3.80325,-7.10181,-0.852975,2.98878,1.92433,0.875386,556.242,63.9959,12945.6,0.0497906,0.832405,0.00902417,11171.6 
139,1.75,139,8806.69,-0.0856093,19.4185,11.7873,91.7233,-0.122251,293.198,2.32932e-06,0.401739,0.868275,-3.70547,0.634156,-1.75635,-239.848,486.789,24.3535,10454.5,8618.02,1.912,2.37853,-0.68495,2.14441,-0.246089,1.12445,823.199,49.2728,10790.9,0.0851141,0.905185,0.00834118,9671.71 
140,1.6,140,9869.17,-0.35817,21.1959,12.1231,91.6957,-0.0578789,402.723,500,-5.14055,-5.89745,-3.59272,0.487498,-1.4683,-257.658,349.019,44.4886,11388,9123.68,-3.51815,-4.27505,-0.347913,2.1099,0.154106,0.940802,710.409,71.2582,11749.4,0.0686722,0.850676,0.0110486,10344.9 
141,4,141,6561.58,-0.00625711,16.7051,11.26,92.3885,-0.0181169,6.1394,500,-2.23979,-0.679369,0.404798,-0.142547,-0.965594,-371.908,7232.99,89.082,1846.94,6126.9,0.102015,1.66243,5.0884,2.19926,1.37621,0.512059,7754.63,127.722,2368.57,0.799705,0.971984,0.0903573,9696.86 
142,6,142,7323.58,-0.0413236,17.5063,11.6764,92.1336,0.0905018,-52.1863,1.71472e-07,-0.839274,-0.756509,-2.90435,2.45771,1.48929,-361.041,6558.39,70.3921,3228.46,6807.97,1.4341,1.51687,1.64241,4.73109,3.76267,0.874502,7064.78,107.903,3734.86,0.697593,0.973967,0.0505306,10127.4 
143,10,143,10173.2,-0.062026,20.6979,12.593,91.9272,-0.0633221,68.3429,497.081,-0.225561,-4.9344,-7.56463,0.346394,2.74086,-289.476,912.688,45.5684,11318,8625.89,1.59719,-3.11165,-3.91913,2.16914,4.56361,4.01665,1318.71,75.6438,11724.1,0.120623,0.908774,0.0117457,10932.4 
144,0,144,10657.1,-0.00559786,21.5605,12.3195,91.787,0.000509676,1.4162,4.0116e-11,-4.6416,-0.541853,-3.92561,-6.19685,3.45076,-263.52,45.1391,10.8756,12503.8,8646.68,-2.98228,1.11746,-0.606972,-4.53753,5.11008,0.680413,414.752,38.2544,12873.4,0.0378046,0.861022,0.00544417,10970.9 
145,3.5,145,7918.78,-0.539628,19.0317,12.2534,92.4106,0.589825,217.846,362.296,-1.28418,0.258017,0.483376,2.72169,-0.715187,-356.447,7132.75,116.773,3403.34,11774.3,0.960266,2.50247,4.97228,4.96614,1.52926,0.66697,7632.7,153.806,3903.29,0.704553,0.965937,0.0676746,10833.4 
146,7,146,9261.89,-0.0950369,21.1332,11.7397,92.2536,0.101819,-135.615,500,-1.75289,-2.55709,-0.315704,-3.28172,1.92334,-373.479,5074.6,74.6189,6601.9,8525.85,0.598807,-0.205393,4.38769,-0.930021,4.27504,0.460051,5598.44,113.422,7125.74,0.489308,0.96576,0.0284859,11441.5 
147,1.55,147,9664.53,-0.0210695,20.9381,11.5227,91.7034,0.00171923,14.86,500,-0.750163,-0.0249694,-1.46832,-2.36792,3.47534,-250.371,224.119,28.154,11157.3,7854.74,0.826356,1.55155,1.68472,-0.791399,5.05186,0.797585,575.289,54.1665,11508.4,0.0574588,0.858537,0.00859569,10012.2 
148,5,148,6039.05,-0.123588,16.014,10.8531,92.7264,0.0273721,14.6961,499.942,3.62261,-4.0483,2.67288,-2.55303,-0.135241,-296.665,6902.01,95.5771,1259.3,5670.91,5.49063,-2.18028,6.40892,-0.685007,1.73278,0.404765,7318.11,126.399,1675.41,0.841942,0.970661,0.122018,8691.94 
149,2.4,149,8880.83,-0.464029,21.3655,11.4917,91.7669,-0.351751,952.576,466.037,-2.90278,-2.74168,-8.34665,-4.55094,-3.25468,-259.002,3058.16,76.011,7998.04,18900.3,-1.27192,-1.11081,-5.08492,-2.92008,-1.62382,0.576664,3421.44,102.92,8361.31,0.332899,0.949991,0.0221719,10277.7 
150,3,150,7782.97,-0.0165907,18.7999,11.2477,91.9101,2.70413,-1487.08,0.867977,-2.30037,-0.529177,3.42311,-3.07932,0.253069,-309.874,4910.39,80.4303,5214.46,137788,-0.349173,1.42202,7.3255,-1.12812,2.20426,0.226818,5345.02,112.625,5649.09,0.53572,0.964437,0.0354248,9977.27 
151,1.65,151,10016.3,-0.00980189,21.3362,11.7972,91.7851,-0.00831137,-14.2868,500,-5.71041,-4.86988,-5.34307,0.90164,-4.8027,-294.41,403.118,44.0054,11433.7,8197.76,-3.85659,-3.01606,-1.63543,2.75546,-2.94888,0.812052,816.056,74.5935,11846.6,0.0774962,0.862097,0.011466,10530.3 
152,2.6,152,9063.73,-1.62361e-05,20.3802,11.391,92.0166,-0.012783,-1.16564,493.126,-3.14973,-3.08961,0.515612,-1.31222,-4.62638,-280.483,3577.87,65.7496,7406.88,7557.76,-1.3836,-1.32348,4.04787,0.453909,-2.86025,4.79886,3971.28,94.8907,7800.28,0.38305,0.959863,0.0219181,10367.5 
153,2.1,153,9441.07,-0.0215814,20.9549,11.4896,91.7184,0.0144825,-41.2229,500,0.0621726,-1.21633,-1.90915,-2.14169,-2.34527,-270.308,1521.4,32.5383,9960.83,7857.07,1.76423,0.485735,1.49497,-0.439631,-0.643207,0.438424,1900.53,60.6223,10340,0.183108,0.947131,0.0106847,10379.3 
154,2.2,154,8322.14,-0.135727,18.8478,11.5395,91.7965,-1.22494,-22.9131,0.000453815,-3.55116,-2.80379,2.38917,-3.73475,-2.84132,-253.76,1674.33,40.7644,8575.39,7993.85,-1.9533,-1.20593,5.58489,-2.13689,-1.24346,6.84994,2030.25,67.1291,8931.32,0.217048,0.945302,0.0136565,9353.93 
155,1.8,155,9464.77,-0.430094,21.2647,11.9617,91.7836,0.0563347,243.856,115.471,-3.19265,1.0407,3.28,-7.80906,-2.60615,-246.004,743.104,39.2071,10914.3,8727.5,-1.64363,2.58973,6.37805,-6.26004,-1.05713,-911.768,1088.15,64.766,11259.4,0.105432,0.905667,0.010485,10320.8 
156,9,156,10262.5,-0.121199,21.009,12.3168,91.95,0.0783126,-144.184,500,-3.66273,-2.01123,-2.77438,-4.92293,-3.35878,-262.389,699.043,29.621,11461.7,8791.18,-2.01054,-0.35904,0.530004,-3.27073,-1.70659,1.07775,1067.07,56.8822,11829.7,0.0991016,0.914673,0.00877986,10767.4 
157,2.8,157,8694.92,-0.0310172,20.1908,11.1002,92.0719,0.0135163,-10.4216,499.491,0.210682,2.90326,0.0961437,-1.17223,-3.56041,-323.883,4331.64,88.9162,6279.48,7300.52,2.25008,4.94266,4.17495,0.867175,-1.52101,0.610323,4785.91,122.566,6733.76,0.46431,0.957105,0.0324418,10307.6 
158,1.35,158,9966.99,-0.363357,22.063,11.9897,91.3053,0.226908,-58.6772,3.86564e-07,1.32528,-0.923179,0.757625,-3.54466,-0.1409,-202.096,111.759,10.6868,11925.3,9044.68,2.59782,0.349365,3.30271,-2.27211,1.13164,0.353604,395.218,31.6838,12208.7,0.0379785,0.876967,0.00475784,10406.4 
159,1.2,159,11045.4,-0.332036,22.7886,12.1805,91.3275,-0.0671955,551.8,277.654,-0.804127,1.21152,-8.33298,-1.93261,-0.838929,-282.472,-28.6028,1.54881,12547.2,10243.1,0.974525,2.99018,-4.77568,-0.153954,0.939724,-188.451,367.592,30.8966,12943.4,0.0334747,0.871771,0.00437795,10981.2 
160,1.4,160,10274,-0.163625,21.7721,12.1521,91.5374,-0.162459,605.435,500,-2.46401,-2.32591,1.20685,-2.73496,-0.697159,-224.761,23.4649,7.73465,12313.2,11814.7,-1.04875,-0.910652,4.03737,-1.3197,0.718098,-1.73467,338.713,31.0864,12628.4,0.0316732,0.861615,0.0045141,10694 
161,1.45,161,10378.7,-0.111292,21.4792,12.1915,91.5185,0.81383,-270.161,2.12016e-08,-6.11918,-3.68452,-0.526134,-3.35611,-4.24596,-261.483,95.8189,12.0524,12060.7,15681.9,-4.47269,-2.03803,2.76684,-1.70962,-2.59948,1.34358,462.574,39.2195,12427.5,0.0434216,0.870796,0.00577985,10653.1 
162,8,162,10068.8,-0.0231656,20.5934,12.4485,91.5265,0.00740899,77.3808,5.75056e-07,-2.69511,-1.96172,5.45572,-2.34979,-6.62375,-315.463,2082.18,46.0284,9922.28,8363.95,-0.708725,0.0246708,9.42849,-0.363399,-4.63736,-1.51851,2524.64,78.8039,10364.8,0.229019,0.948205,0.0138122,11023.7 
163,2,163,9240.36,-0.419186,20.5998,12.0511,91.8395,0.997429,2046.08,19.7244,0.056051,-0.0657746,-9.38964,-0.746689,-2.18667,-299.583,1171.38,41.6984,10137.6,74516.7,1.94245,1.82062,-5.61686,1.13971,-0.300276,-4.53733,1591.57,72.824,10557.8,0.155291,0.925863,0.0125467,10249 
164,1.3,164,9020,-0.01517,20.0517,-11.5385,91.6674,0.00859194,1.33029,500,-3.26803,-3.36215,4.81391,-3.41892,-3.2623,-264.752,31.1236,11.699,10982.9,7532.13,-1.60096,-1.69507,8.14806,-1.75184,-1.59523,-4.41413,402.464,39.2058,11354.2,0.041436,0.854354,0.00632054,9712.91 
165,1.75,165,10628.5,-0.183288,22.2533,12.1676,91.7548,-1.13214,3067.4,499.997,-6.69528,-2.02773,3.97215,0.841364,1.17898,-319.506,519.94,40.4105,12046.7,121863,-4.68343,-0.0158841,7.99584,2.85321,3.19082,0.143965,968.078,73.606,12494.8,0.0863288,0.882567,0.0107352,11213.9 
166,1.6,166,10004.3,-0.277689,21.5418,11.8567,91.8403,0.242577,-186.337,1.78317e-05,-1.83692,-1.71047,1.32065,-1.84716,-3.01162,-315.998,166.117,28.573,11566.2,9786.02,0.152836,0.279288,5.30016,0.142601,-1.02186,-0.0921358,609.335,61.4039,12009.4,0.0582703,0.850086,0.00933077,10457.1 
167,4,167,6397.4,-0.325711,16.1825,11.6393,92.4469,0.18399,-94.0136,500,2.12912,3.28205,0.572975,-0.550878,-2.63248,-324.475,6912.4,105.432,1820.15,6694.61,4.17225,5.32518,4.65924,1.49225,-0.589351,0.690613,7367.5,139.144,2275.25,0.797935,0.968007,0.101249,9233.21 
168,6,168,6682.08,-0.421001,16.5686,11.6418,92.2934,0.00632468,110.774,2.5544,-2.34588,3.93871,8.00587,0.304591,3.49102,-275.976,5960.63,105.01,2810.14,6301.92,-0.608134,5.67646,11.4814,2.04234,5.22877,0.518011,6347.72,133.683,3197.22,0.707705,0.964455,0.0715142,8969.44 
169,10,169,9211.87,-0.129097,19.3398,12.2102,91.4815,1.5039,-2613.91,0.000849112,0.309942,-2.44884,-3.66556,-2.91307,-1.63864,-297.68,801.462,39.5843,10305.1,135657,2.18435,-0.574426,0.0832614,-1.03866,0.235768,0.906479,1218.99,70.5121,10722.6,0.121758,0.908077,0.0119687,10011.5 
170,0,170,9849.03,-0.414436,21.4397,12.1702,91.209,-2.04039,3469.33,490.991,-6.4521,1.30194,-1.99972,-5.9766,2.14024,-294.001,128.279,12.3135,11634.8,238932,-4.60086,3.15319,1.70277,-4.12536,3.99148,-13.0461,540.644,42.8591,12047.1,0.0518887,0.878172,0.00651082,10419.3 
171,3.5,171,7946.1,-0.424334,19.0917,11.5611,92.4025,-0.15905,238.462,492.153,1.1021,1.63566,9.7651,0.169213,-1.26089,-286.211,6489.29,123.728,3484.85,8419.88,2.90429,3.43785,13.3695,1.97141,0.541303,0.39843,6890.73,153.464,3886.29,0.683775,0.962488,0.0678095,10077.5 
172,7,172,8257.39,-0.511162,19.5427,12.1442,92.2436,0.145981,1294.92,392.203,-1.22921,1.62351,1.36829,-0.162249,-3.20562,-321.338,4662.71,101.094,6012.89,13879.5,0.794168,3.64689,5.41504,1.86113,-1.18224,0.485994,5113.42,134.48,6463.6,0.491034,0.956001,0.0369117,10413.6 
173,1.55,173,10265,-0.4222,22.2982,12.1467,91.554,-0.340763,164.635,375.752,-1.78579,1.14347,-1.60826,-3.86651,-2.62724,-248.202,164.291,27.5855,12178.3,10643.4,-0.222929,2.70633,1.51746,-2.30365,-1.06438,-1.39789,512.419,53.3728,12526.4,0.0475162,0.845825,0.00778774,10784.1 
174,5,174,7763.19,-0.531679,19.5271,11.7233,92.6225,0.502367,236.271,0.882007,2.23671,-3.24311,2.33733,1.58159,-3.70999,-370.764,8632.6,137.008,1741.75,11316.1,4.57131,-0.908506,7.00653,3.91619,-1.37539,0.469609,9152.63,175.529,2261.78,0.831506,0.967528,0.125078,11007.3 
175,2.4,175,9085.25,-0.247362,20.8983,11.6922,91.9216,0.0569139,432.853,500,3.74581,4.11192,-6.32431,-3.94066,1.20201,-337.062,2866.97,42.1551,8410.14,8756.28,5.8682,6.23431,-2.07953,-1.81827,3.3244,1.18037,3339.73,77.1746,8882.9,0.314366,0.961133,0.0157521,10623.7 
176,3,176,7803.32,-0.460707,18.6896,11.8646,92.1031,-1.32712,464.914,424.708,-1.78859,-1.66179,11.008,5.6245,0.283724,-257.218,4963.24,88.5774,5028.57,27303.9,-0.168961,-0.0421602,14.2473,7.24413,1.90336,0.38546,5324.01,115.301,5389.35,0.546429,0.963484,0.0379163,9743.27 
177,1.65,177,9338.11,0.00327536,20.672,11.7408,91.7141,-0.0049629,-2.72936,1.79667e-11,0.139686,-0.450179,-8.37871,-3.68573,0.17761,-233.783,372.299,35.3259,11193.5,7901.29,1.61176,1.02189,-5.43457,-2.21366,1.64968,-0.615076,700.203,59.615,11521.4,0.0690008,0.870326,0.0094416,10147.7 
178,2.6,178,8699.9,-0.477618,20.3849,11.9274,92.1323,0.297426,39.5829,496.278,-3.61061,1.85164,-5.98417,0.696296,-1.20916,-287.934,3516.01,86.7762,7473.41,8298.19,-1.79757,3.66468,-2.35809,2.50934,0.603886,1.89926,3919.86,116.691,7877.26,0.377665,0.950483,0.0265635,10379.2 
179,2.1,179,9662.82,-0.0304716,21.2504,11.7749,91.8471,-0.393464,311.976,500,-4.26312,2.11113,-6.35811,1.94696,-0.555676,-271.315,1675.33,35.7763,10279.1,12141.5,-2.55472,3.81952,-2.94131,3.65535,1.15272,1.93925,2055.87,63.9648,10659.7,0.190415,0.948363,0.0109329,10796.8 
180,2.2,180,9372.37,-0.0312337,21.0961,11.5568,91.7687,0.00906675,-33.2253,500,-4.12152,-1.13178,-1.72707,-4.72361,-5.58727,-311.233,2235.7,58.1335,9560.47,7946.46,-2.16177,0.827976,2.19243,-2.76386,-3.62752,1.39627,2672.23,90.4694,9997.01,0.245841,0.944067,0.0163971,10869.8 
181,1.8,181,10248.3,-0.22615,22.588,12.0347,91.9069,0.705792,-888.599,2.06885,-2.83676,-0.829923,-1.66773,-2.57392,-1.51689,-229.152,716.499,27.3527,11796.6,29265.6,-1.39386,0.612983,1.21808,-1.13102,-0.0739853,2.58648,1037.91,51.1606,12118,0.0945726,0.920589,0.00771708,10974.7 
182,9,182,10475.2,-0.00783024,21.6104,12.2243,91.7408,-0.00494013,12.2989,1.76006e-12,1.87774,-2.42424,2.03876,-2.22002,0.915418,-279.76,754.304,27.5783,11709.4,8601.66,3.63932,-0.662665,5.5619,-0.458449,2.67699,0.482955,1146.69,56.6442,12101.8,0.103584,0.920432,0.00854853,11070.2 
183,2.8,183,8728.56,-0.440754,20.5975,11.8566,92.0833,0.246544,-177.247,3.19822e-06,-5.51438,-3.50173,2.40022,-5.97519,0.113655,-295.551,4404.93,72.4125,6721.29,9372.6,-3.65337,-1.64073,6.12223,-4.11418,1.97466,5.66848,4819.47,103.119,7135.83,0.451648,0.963908,0.0259298,10670.8 
184,1.35,184,10531.1,-0.383165,22.3044,12.204,91.5557,0.0828956,184.799,497.166,5.09399,0.49434,-4.84176,-5.86989,-1.76458,-304.684,-13.8156,24.3027,12363.6,9359.78,7.0125,2.41286,-1.00473,-3.95137,0.153939,1.21732,413.534,55.9582,12791,0.0379315,0.808535,0.00799446,10902.1 
185,1.2,185,10028.4,-0.430022,21.4853,12.4408,91.4933,0.324116,647.443,206.575,-2.09349,-3.99721,-5.15769,-1.62022,-1.32844,-255.18,-33.5093,7.87997,12326.2,15532.5,-0.486686,-2.39041,-1.94408,-0.0134232,0.278358,0.573314,324.406,34.3922,12684.1,0.0302466,0.843506,0.00496993,10725.4 
186,1.4,186,9335.04,-0.370499,20.3298,12.0424,91.6829,0.817464,-1327.56,455.463,-5.02501,-3.33401,-10.1088,-2.29839,-5.36052,-268.435,1.68615,29.2625,11316.6,43297.7,-3.33475,-1.64374,-6.72828,-0.608126,-3.67026,0.579092,378.192,57.1518,11693.1,0.0379461,0.790853,0.00892322,9966.55 
187,1.45,187,10428.5,-0.0169302,21.6232,12.0994,91.7083,0.0270265,-73.0271,500,0.0418295,-3.51921,-10.3544,-4.94747,-5.86039,-240.816,196.814,31.655,12283.4,8581.14,1.55819,-2.00286,-7.32172,-3.43111,-4.34403,0.528893,534.582,56.6749,12621.2,0.0491165,0.843505,0.00820402,10884 
188,8,188,9486.18,-0.449704,20.6354,12.4568,91.494,0.169698,138.149,0.838301,6.8961,-5.76563,-6.63498,0.718081,-1.566,-249.2,2330.81,59.3868,9258.45,9131.05,8.46525,-4.19648,-3.4967,2.28723,0.0031444,2.1418,2680.34,85.2776,9607.98,0.253847,0.947259,0.016087,10558.9 
189,2,189,9307.76,-0.366153,20.5833,11.8397,91.7339,0.772226,-474.834,357.13,-6.04397,-10.0931,-3.69168,-2.34698,-1.55229,-243.519,1255.56,39.866,9969.88,19869.9,-4.51059,-8.55976,-0.62493,-0.813604,-0.0189144,0.956984,1597.12,65.1668,10311.4,0.158878,0.933354,0.0115079,10052.5 
190,1.3,190,7917.7,-0.215793,16.688,12.8947,91.4822,1.20965,-254.822,500,-3.81186,-3.69219,-8.26291,-2.39855,-3.08879,-199.333,171.153,59.4062,9756.51,17039.4,-2.55671,-2.43705,-5.75262,-1.1434,-1.83364,0.580817,450.737,80.1161,10036.1,0.0519262,0.762745,0.0144921,8680.33 
191,1.75,191,8991.38,-0.0731622,19.8476,11.9486,91.892,-0.131122,112.317,499.8,-3.63877,-0.211356,-8.93831,0.322275,-4.80423,-248.101,488.015,24.723,10836.3,8199.44,-2.07654,1.35087,-5.81385,1.8845,-3.242,0.263792,836.001,50.4997,11184.3,0.0835407,0.904395,0.00824894,10007.1 
192,1.6,192,9832.41,-0.0168968,21.0447,11.9801,91.5221,0.00477643,-53.8109,500,4.52201,0.77391,0.700676,-0.796461,-2.15984,-303.331,310.71,46.3863,11565.7,8215.58,6.43201,2.68391,4.52067,1.11353,-0.249843,0.688236,736.161,77.9012,11991.1,0.0696537,0.843749,0.0118259,10568.9 
193,4,193,4806.08,-0.348535,13.2135,12.5133,92.5421,0.0479988,-412.851,500,3.798,-4.65731,-0.28488,5.0266,-7.62255,-277.461,6509.74,157.155,1140.97,6027.61,5.54509,-2.91022,3.20932,6.7737,-5.87545,0.524013,6898.91,185.983,1530.13,0.846116,0.954948,0.182941,8153.62 
194,6,194,7984.57,-0.532959,19.8381,11.7892,92.1933,0.135742,495.115,449.317,-3.91924,-1.53113,-2.40847,0.0376928,0.668519,-321.07,7267.9,144.826,3353.11,9801.26,-1.89755,0.490556,1.6349,2.05938,2.69021,0.671541,7718.23,178.184,3803.44,0.712207,0.961168,0.0794433,10837.1 
195,10,195,9553.9,-0.00722794,20.23,12.3641,91.4166,0.00261168,-4.14516,3.72638e-12,1.30587,-2.47216,-6.21082,2.46268,-5.02703,-289.192,813.125,32.1915,10972.2,8142.74,3.12684,-0.651194,-2.56889,4.28364,-3.20607,3.60976,1218.75,62.2375,11377.8,0.115537,0.917964,0.00997592,10548.6 
196,0,196,10330.7,-0.500964,22.7254,12.3742,91.4528,1.22476,908.81,0.84195,-0.840515,-1.68214,-4.7126,-1.12402,-0.342697,-245.08,83.101,26.6369,12622.4,45388.6,0.702688,-0.13894,-1.62619,0.419184,1.20051,3.91825,426.849,52.0997,12966.1,0.0385971,0.823995,0.00734744,11059.1 
197,3.5,197,7167.05,-0.537682,18.6193,11.6359,92.2444,0.511848,62.3631,485.03,-3.21585,-0.0605897,10.1357,4.65872,-3.67914,-309.834,6484.78,121.097,3259.89,8091.86,-1.2649,1.89035,14.0376,6.60966,-1.7282,0.281762,6919.35,153.287,3694.47,0.695495,0.962678,0.0710039,9948.81 
198,7,198,8419.27,-0.490662,19.7276,12.0907,91.72,-0.51178,1468.54,315.516,-2.5325,-1.11205,-1.97315,-4.08354,-2.26342,-317.337,4583.04,99.6175,6368.24,32230.8,-0.534309,0.886133,2.02322,-2.08535,-0.265229,-81.6846,5028.14,132.588,6813.34,0.473679,0.95589,0.0346068,10615.1 
199,1.55,199,9119.81,0.00178541,20.1834,11.653,91.5124,-0.00771668,-2.20033,2.14126e-12,2.43185,0.354506,0.497326,-2.29599,-3.28551,-256.967,139.937,28.9583,11120.2,7656.98,4.04991,1.97256,3.73343,-0.677931,-1.66746,0.496198,500.358,55.6562,11480.6,0.0504677,0.83706,0.00885123,9914.43 
200,5,200,7268,-0.48171,17.5726,12.0926,92.3285,0.419858,-130.894,480.147,2.65688,-1.94763,5.00981,-2.21512,-2.53402,-343.01,7897.19,171.234,1703.14,8706.57,4.81673,0.212213,9.3295,-0.0552733,-0.374181,0.33021,8378.3,206.871,2184.24,0.823875,0.95858,0.14855,10169.4 
201,2.4,201,9113.06,-0.468466,21.0527,11.926,91.8455,0.681616,465.487,331.845,-4.99731,-5.36958,2.61577,-4.0433,-4.96394,-303.265,2814.15,69.2421,8551.42,18501.9,-3.08774,-3.46,6.43492,-2.13373,-3.05436,2.21393,3239.51,100.75,8976.78,0.3056,0.948383,0.0202559,10600.5 
202,3,202,8656.99,-0.21479,20.622,11.6545,92.2111,0.445646,-594.839,1.97045e-07,0.299794,-5.45999,2.28722,-0.530425,0.8551,-279.557,5659.45,94.3324,5481.99,16453.3,2.06009,-3.6997,5.80781,1.22987,2.61539,0.275244,6051.56,123.377,5874.1,0.556807,0.965551,0.0372496,10868.3 
203,1.65,203,9493.3,-0.0336638,21.093,11.781,91.5143,0.102994,-124.722,0.000130977,-5.39678,-0.0305327,-2.53443,-3.16656,-2.07371,-279.512,390.07,23.9156,11475.8,8507.53,-3.63677,1.72948,0.985591,-1.40654,-0.313699,1.37305,782.112,52.9558,11867.8,0.0743896,0.894062,0.00815271,10513.7 
204,2.6,204,8380.21,-0.0966382,19.7057,11.2908,92.023,-0.0482238,85.2455,498.673,-6.0244,-1.89171,-2.04248,-3.96453,-4.7092,-286.303,3487.51,87.4819,7083.27,7376.7,-4.22163,-0.0889398,1.56307,-2.16176,-2.90643,1.19999,3889.08,117.228,7484.84,0.387874,0.949893,0.028042,10026.6 
205,2.1,205,8822.06,-0.03411,19.5944,11.8018,91.6696,0.00374893,20.0485,370.713,-0.754523,0.183703,-7.91495,-3.85661,-5.06336,-209.491,1466.27,51.9637,9546.11,7530.37,0.564587,1.50281,-5.27673,-2.5375,-3.74425,0.444032,1760.11,73.729,9839.95,0.179075,0.931701,0.0136147,9828.86 
