Typical Measured Spectrum of Semrock LPD02-785RU Optical Filter	
For wavelengths between 320 and 1120 nm, values near or below 3e-7 (Optical Density 6.5) are measurement noise limited.
For wavelengths < 320 nm and > 1120 nm, values near or below 3e-6 (Optical Density 5.5) are measurement noise limited. 
Data format:  Wavelength (nm) <tab> Transmission (0 to 1)
760.0	0.47556
760.2	0.49079
760.4	0.49322
760.6	0.47935
760.8	0.45216
761.0	0.41296
761.2	0.3667
761.4	0.31881
761.6	0.27374
761.8	0.23036
762.0	0.18873
762.2	0.15309
762.4	0.12404
762.6	0.10074
762.8	0.08327
763.0	0.06987
763.2	0.05996
763.4	0.05211
763.6	0.04612
763.8	0.04129
764.0	0.03755
764.2	0.03448
764.4	0.03202
764.6	0.03006
764.8	0.02855
765.0	0.02744
765.2	0.02636
765.4	0.0257
765.6	0.02525
765.8	0.02515
766.0	0.02523
766.2	0.02548
766.4	0.02598
766.6	0.02679
766.8	0.02798
767.0	0.02961
767.2	0.03179
767.4	0.0346
767.6	0.03865
767.8	0.0446
768.0	0.05382
768.2	0.06907
768.4	0.09236
768.6	0.12132
768.8	0.15105
769.0	0.18015
769.2	0.21035
769.4	0.24381
769.6	0.27785
769.8	0.31168
770.0	0.34257
770.2	0.36307
770.4	0.37034
770.6	0.36602
770.8	0.3486
771.0	0.32283
771.2	0.29115
771.4	0.25754
771.6	0.2228
771.8	0.18642
772.0	0.14932
772.2	0.11482
772.4	0.08652
772.6	0.06532
772.8	0.05018
773.0	0.03946
773.2	0.03201
773.4	0.02645
773.6	0.02224
773.8	0.01903
774.0	0.0165
774.2	0.01465
774.4	0.01299
774.6	0.01174
774.8	0.0107
775.0	0.00984
775.2	0.00909
775.4	0.00838
775.6	0.00787
775.8	0.00745
776.0	0.00701
776.2	0.00661
776.4	0.00641
776.6	0.00613
776.8	0.00592
777.0	0.00567
777.2	0.00557
777.4	0.00539
777.6	0.00524
777.8	0.00515
778.0	0.0051
778.2	0.00505
778.4	0.00507
778.6	0.00496
778.8	0.00488
779.0	0.00494
779.2	0.00495
779.4	0.00499
779.6	0.00504
779.8	0.00504
780.0	0.00516
780.2	0.00521
780.4	0.00534
780.6	0.00546
780.8	0.00559
781.0	0.00577
781.2	0.00596
781.4	0.00616
781.6	0.00635
781.8	0.00667
782.0	0.00697
782.2	0.00729
782.4	0.0076
782.6	0.00797
782.8	0.00844
783.0	0.0089
783.2	0.00944
783.4	0.01004
783.6	0.01069
783.8	0.01136
784.0	0.01221
784.2	0.01313
784.4	0.01414
784.6	0.01525
784.8	0.01649
785.0	0.01792
785.2	0.01955
785.4	0.02133
785.6	0.02345
785.8	0.02577
786.0	0.02827
786.2	0.03128
786.4	0.03462
786.6	0.03851
786.8	0.04287
787.0	0.04771
787.2	0.05349
787.4	0.05985
787.6	0.06731
787.8	0.07583
788.0	0.08544
788.2	0.09624
788.4	0.10895
788.6	0.12339
788.8	0.13925
789.0	0.15707
789.2	0.17747
789.4	0.19988
789.6	0.22334
789.8	0.25088
790.0	0.28184
790.2	0.31359
790.4	0.34667
790.6	0.38171
790.8	0.41863
791.0	0.45661
791.2	0.49613
791.4	0.53801
791.6	0.58064
791.8	0.62097
792.0	0.65995
792.2	0.6983
792.4	0.73558
792.6	0.7731
792.8	0.80765
793.0	0.83827
793.2	0.86479
793.4	0.88835
793.6	0.90957
793.8	0.92707
794.0	0.9407
794.2	0.95175
794.4	0.96221
794.6	0.96584
794.8	0.97
795.0	0.97407
795.2	0.97674
795.4	0.97887
795.6	0.98138
795.8	0.98369
796.0	0.98485
796.2	0.98659
796.4	0.98852
796.6	0.99138
796.8	0.99512
797.0	0.99639
797.2	0.9954
797.4	0.99586
797.6	0.99635
797.8	0.99418
798.0	0.99375
798.2	0.99184
798.4	0.99221
798.6	0.99425
798.8	0.99676
799.0	0.99663
799.2	0.99669
799.4	0.99575
799.6	0.9935
799.8	0.9932
800.0	0.99468
800.2	0.99393
800.4	0.99464
800.6	0.99486
800.8	0.99468
801.0	0.99407
801.2	0.99201
801.4	0.99038
801.6	0.99245
801.8	0.99113
802.0	0.98937
802.2	0.98952
802.4	0.98905
802.6	0.98573
802.8	0.98451
803.0	0.98464
803.2	0.98483
803.4	0.98495
803.6	0.98307
803.8	0.98199
804.0	0.98333
804.2	0.98309
804.4	0.98338
804.6	0.98333
804.8	0.98477
805.0	0.98514
805.2	0.98285
805.4	0.98063
805.6	0.97921
805.8	0.98153
806.0	0.9826
806.2	0.98318
806.4	0.98324
806.6	0.98256
806.8	0.9825
807.0	0.98212
807.2	0.98235
807.4	0.9832
807.6	0.98314
807.8	0.98246
808.0	0.98268
808.2	0.98481
808.4	0.9867
808.6	0.9853
808.8	0.98796
809.0	0.98983
809.2	0.99166
809.4	0.99219
809.6	0.99316
809.8	0.99343
810.0	0.99259
810.2	0.99215
810.4	0.9908
810.6	0.99078
810.8	0.99181
811.0	0.99229
811.2	0.9903
811.4	0.98951
811.6	0.98815
811.8	0.98982
812.0	0.9898
812.2	0.98873
812.4	0.98777
812.6	0.98559
812.8	0.98612
813.0	0.98602
813.2	0.98504
813.4	0.98246
813.6	0.98163
813.8	0.98266
814.0	0.98328
814.2	0.98236
814.4	0.98019
814.6	0.97963
814.8	0.97837
815.0	0.97903
815.2	0.97926
815.4	0.97987
815.6	0.97863
815.8	0.9799
816.0	0.9822
816.2	0.9813
816.4	0.98022
816.6	0.98135
816.8	0.98172
817.0	0.98136
817.2	0.98298
817.4	0.98568
817.6	0.98828
817.8	0.98985
818.0	0.9901
818.2	0.99167
818.4	0.9928
818.6	0.99406
818.8	0.99355
819.0	0.99584
819.2	0.99468
819.4	0.99174
819.6	0.9909
819.8	0.99072
820.0	0.9894
820.2	0.98999
820.4	0.99079
820.6	0.9892
820.8	0.99006
821.0	0.98878
821.2	0.98679
821.4	0.98616
821.6	0.98612
821.8	0.98403
822.0	0.98218
822.2	0.97967
822.4	0.97857
822.6	0.97733
822.8	0.98041
823.0	0.98165
823.2	0.98046
823.4	0.97991
823.6	0.98064
823.8	0.98045
824.0	0.98051
824.2	0.9824
824.4	0.98493
824.6	0.98462
824.8	0.98393
825.0	0.98544
825.2	0.9872
825.4	0.98725
825.6	0.9881
825.8	0.98911
826.0	0.99055
826.2	0.992
826.4	0.99341
826.6	0.99385
826.8	0.99525
827.0	0.99417
827.2	0.99396
827.4	0.99304
827.6	0.99275
827.8	0.99347
828.0	0.99575
828.2	0.99645
828.4	0.99576
828.6	0.99485
828.8	0.99416
829.0	0.99265
829.2	0.98909
829.4	0.98871
829.6	0.99132
829.8	0.98972
830.0	0.98741
830.2	0.98241
830.4	0.98117
830.6	0.97944
830.8	0.97733
831.0	0.97834
831.2	0.97984
831.4	0.97861
831.6	0.97718
831.8	0.97643
832.0	0.97732
832.2	0.97886
832.4	0.97742
832.6	0.97613
832.8	0.97493
833.0	0.97559
833.2	0.97529
833.4	0.97454
833.6	0.97478
833.8	0.97592
834.0	0.97649
834.2	0.9766
834.4	0.97769
834.6	0.97882
834.8	0.98026
835.0	0.98254
835.2	0.98308
835.4	0.98292
835.6	0.9844
835.8	0.985
836.0	0.98805
836.2	0.98941
836.4	0.98881
836.6	0.98975
836.8	0.98996
837.0	0.99111
837.2	0.9918
837.4	0.99267
837.6	0.99557
837.8	0.99817
838.0	0.9969
838.2	0.9944
838.4	0.99113
838.6	0.98921
838.8	0.98886
839.0	0.989
839.2	0.98733
839.4	0.98623
839.6	0.98799
839.8	0.98833
840.0	0.98518
840.2	0.98541
840.4	0.98637
840.6	0.98219
840.8	0.98101
841.0	0.98051
841.2	0.97786
841.4	0.97887
841.6	0.97819
841.8	0.97657
842.0	0.97588
842.2	0.97609
842.4	0.97721
842.6	0.97661
842.8	0.97634
843.0	0.97675
843.2	0.97572
843.4	0.97612
843.6	0.97765
843.8	0.97909
844.0	0.97802
844.2	0.97737
844.4	0.97861
844.6	0.9808
844.8	0.98113
845.0	0.98216
845.2	0.98088
845.4	0.98232
845.6	0.98454
845.8	0.986
846.0	0.98844
846.2	0.99066
846.4	0.99123
846.6	0.99095
846.8	0.99037
847.0	0.98882
847.2	0.99204
847.4	0.99342
847.6	0.99243
847.8	0.99231
848.0	0.98996
848.2	0.98888
848.4	0.99167
848.6	0.9933
848.8	0.99109
849.0	0.9896
849.2	0.98941
849.4	0.98943
849.6	0.99018
849.8	0.98693
850.0	0.98512
850.2	0.98376
850.4	0.98244
850.6	0.98363
850.8	0.9853
851.0	0.98493
851.2	0.98584
851.4	0.98565
851.6	0.98364
851.8	0.9813
852.0	0.9807
852.2	0.98105
852.4	0.97929
852.6	0.97596
852.8	0.97549
853.0	0.97589
853.2	0.97667
853.4	0.97607
853.6	0.97535
853.8	0.9756
854.0	0.97918
854.2	0.98079
854.4	0.981
854.6	0.98038
854.8	0.97994
855.0	0.98079
855.2	0.98449
855.4	0.98636
855.6	0.98436
855.8	0.98224
856.0	0.98327
856.2	0.9854
856.4	0.98395
856.6	0.98324
856.8	0.98253
857.0	0.98085
857.2	0.98076
857.4	0.98261
857.6	0.98426
857.8	0.98235
858.0	0.98333
858.2	0.98488
858.4	0.98697
858.6	0.98821
858.8	0.98808
859.0	0.98699
859.2	0.98718
859.4	0.98632
859.6	0.98474
859.8	0.98485
860.0	0.98535
860.2	0.98314
860.4	0.98209
860.6	0.98234
860.8	0.98081
861.0	0.98063
861.2	0.98044
861.4	0.97833
861.6	0.97842
861.8	0.98072
862.0	0.98061
862.2	0.98093
862.4	0.98317
862.6	0.98392
862.8	0.98142
863.0	0.97764
863.2	0.97724
863.4	0.97926
863.6	0.97853
863.8	0.98077
864.0	0.98063
864.2	0.97949
864.4	0.97745
864.6	0.97744
864.8	0.97902
865.0	0.97919
865.2	0.97857
865.4	0.97994
865.6	0.98171
865.8	0.98153
866.0	0.98019
866.2	0.97866
866.4	0.98144
866.6	0.98214
866.8	0.97967
867.0	0.97728
867.2	0.97801
867.4	0.97864
867.6	0.97864
867.8	0.9795
868.0	0.98173
868.2	0.98478
868.4	0.98689
868.6	0.98724
868.8	0.98485
869.0	0.9855
869.2	0.98647
869.4	0.98589
869.6	0.98573
869.8	0.98704
870.0	0.98654
870.2	0.98497
870.4	0.98405
870.6	0.98318
870.8	0.98271
871.0	0.98225
871.2	0.98299
871.4	0.98325
871.6	0.98193
871.8	0.98205
872.0	0.98006
872.2	0.98094
872.4	0.9815
872.6	0.97948
872.8	0.9805
873.0	0.98047
873.2	0.98073
873.4	0.97986
873.6	0.97957
873.8	0.97986
874.0	0.979
874.2	0.9795
874.4	0.98167
874.6	0.98341
874.8	0.98524
875.0	0.98687
875.2	0.98626
875.4	0.98518
875.6	0.98561
875.8	0.98449
876.0	0.98199
876.2	0.97917
876.4	0.97721
876.6	0.97686
876.8	0.97687
877.0	0.9774
877.2	0.97942
877.4	0.97946
877.6	0.98037
877.8	0.98088
878.0	0.98108
878.2	0.98138
878.4	0.98108
878.6	0.97907
878.8	0.97961
879.0	0.98146
879.2	0.98319
879.4	0.98385
879.6	0.98733
879.8	0.98636
880.0	0.98517
880.2	0.98546
880.4	0.98624
880.6	0.98679
880.8	0.98709
881.0	0.9853
881.2	0.98584
881.4	0.98712
881.6	0.98746
881.8	0.98621
882.0	0.98558
882.2	0.98462
882.4	0.98493
882.6	0.98449
882.8	0.98552
883.0	0.98794
883.2	0.98763
883.4	0.98726
883.6	0.98689
883.8	0.987
884.0	0.98644
884.2	0.98667
884.4	0.9855
884.6	0.98719
884.8	0.99047
885.0	0.99064
885.2	0.98981
885.4	0.98765
885.6	0.98405
885.8	0.98116
886.0	0.9807
886.2	0.98246
886.4	0.9822
886.6	0.9835
886.8	0.98423
887.0	0.98336
887.2	0.98005
887.4	0.97922
887.6	0.97767
887.8	0.97664
888.0	0.97757
888.2	0.97681
888.4	0.97613
888.6	0.9759
888.8	0.97681
889.0	0.97749
889.2	0.97664
889.4	0.97398
889.6	0.97387
889.8	0.97356
890.0	0.97456
890.2	0.97607
890.4	0.97447
890.6	0.97205
890.8	0.97084
891.0	0.9731
891.2	0.97533
891.4	0.97494
891.6	0.97244
891.8	0.97257
892.0	0.9722
892.2	0.97524
892.4	0.97786
892.6	0.97977
892.8	0.98151
893.0	0.98096
893.2	0.98095
893.4	0.98051
893.6	0.9839
893.8	0.98678
894.0	0.98539
894.2	0.98683
894.4	0.98683
894.6	0.98784
894.8	0.98822
895.0	0.98557
895.2	0.98401
895.4	0.98599
895.6	0.98707
895.8	0.98631
896.0	0.98672
896.2	0.98775
896.4	0.98905
896.6	0.9891
896.8	0.98726
897.0	0.98666
897.2	0.98642
897.4	0.9866
897.6	0.98653
897.8	0.98496
898.0	0.98421
898.2	0.98602
898.4	0.98548
898.6	0.98706
898.8	0.9875
899.0	0.98532
899.2	0.9842
899.4	0.98283
899.6	0.98126
899.8	0.98013
900.0	0.98049
900.2	0.97891
900.4	0.97708
900.6	0.97551
900.8	0.97427
901.0	0.97272
901.2	0.97377
901.4	0.97207
901.6	0.97213
901.8	0.97305
902.0	0.97342
902.2	0.97204
902.4	0.97144
902.6	0.97215
902.8	0.97406
903.0	0.97576
903.2	0.97664
903.4	0.97761
903.6	0.97643
903.8	0.97595
904.0	0.97508
904.2	0.97493
904.4	0.9743
904.6	0.97499
904.8	0.97254
905.0	0.97192
905.2	0.97391
905.4	0.9754
905.6	0.97641
905.8	0.97784
906.0	0.97917
906.2	0.9806
906.4	0.98048
906.6	0.98113
906.8	0.98349
907.0	0.98471
907.2	0.98335
907.4	0.98143
907.6	0.98015
907.8	0.97963
908.0	0.98187
908.2	0.98459
908.4	0.98442
908.6	0.9845
908.8	0.9838
909.0	0.98552
909.2	0.98994
909.4	0.99124
909.6	0.99009
909.8	0.98911
910.0	0.98886
910.2	0.98898
910.4	0.98947
910.6	0.98989
910.8	0.9873
911.0	0.98557
911.2	0.98869
911.4	0.99125
911.6	0.99213
911.8	0.99192
912.0	0.99222
912.2	0.9929
912.4	0.994
912.6	0.99255
912.8	0.99004
913.0	0.99108
913.2	0.98942
913.4	0.98679
913.6	0.98621
913.8	0.98413
914.0	0.98294
914.2	0.9849
914.4	0.98583
914.6	0.98519
914.8	0.98248
915.0	0.9829
915.2	0.98341
915.4	0.98403
915.6	0.98134
915.8	0.98198
916.0	0.9804
916.2	0.98096
916.4	0.98018
916.6	0.97931
916.8	0.98043
917.0	0.97923
917.2	0.97813
917.4	0.97852
917.6	0.97829
917.8	0.97831
918.0	0.97861
918.2	0.97654
918.4	0.97573
918.6	0.97726
918.8	0.98018
919.0	0.98253
919.2	0.98168
919.4	0.98023
919.6	0.9789
919.8	0.97953
920.0	0.97972
920.2	0.97875
920.4	0.98067
920.6	0.98256
920.8	0.98348
921.0	0.98477
921.2	0.98582
921.4	0.98631
921.6	0.98708
921.8	0.98735
922.0	0.98849
922.2	0.98891
922.4	0.98969
922.6	0.99042
922.8	0.98949
923.0	0.99044
923.2	0.99352
923.4	0.99522
923.6	0.99627
923.8	0.99389
924.0	0.99279
924.2	0.99253
924.4	0.99259
924.6	0.99383
924.8	0.99514
925.0	0.99234
925.2	0.98992
925.4	0.99013
925.6	0.99251
925.8	0.99123
926.0	0.98894
926.2	0.9879
926.4	0.98698
926.6	0.98542
926.8	0.98533
927.0	0.9856
927.2	0.98538
927.4	0.98663
927.6	0.98597
927.8	0.98627
928.0	0.98652
928.2	0.98468
928.4	0.98318
928.6	0.98279
928.8	0.98197
929.0	0.98106
929.2	0.98315
929.4	0.98265
929.6	0.98272
929.8	0.98097
930.0	0.97703
930.2	0.97633
930.4	0.97798
930.6	0.98022
930.8	0.98275
931.0	0.98456
931.2	0.98534
931.4	0.98681
931.6	0.98919
931.8	0.98898
932.0	0.98978
932.2	0.99031
932.4	0.98926
932.6	0.98811
932.8	0.99026
933.0	0.98797
933.2	0.98518
933.4	0.98463
933.6	0.98453
933.8	0.98508
934.0	0.98521
934.2	0.98754
934.4	0.98786
934.6	0.98913
934.8	0.99059
935.0	0.9899
935.2	0.98855
935.4	0.98849
935.6	0.98792
935.8	0.99143
936.0	0.9917
936.2	0.99219
936.4	0.99167
936.6	0.99079
936.8	0.99059
937.0	0.98926
937.2	0.98825
937.4	0.98709
937.6	0.9865
937.8	0.9856
938.0	0.98469
938.2	0.98302
938.4	0.9841
938.6	0.98655
938.8	0.9878
939.0	0.98802
939.2	0.98809
939.4	0.98958
939.6	0.98866
939.8	0.98637
940.0	0.98463
940.2	0.98356
940.4	0.98258
940.6	0.98311
940.8	0.98176
941.0	0.98325
941.2	0.98163
941.4	0.98114
941.6	0.98259
941.8	0.98198
942.0	0.97992
942.2	0.97771
942.4	0.9754
942.6	0.97668
942.8	0.97338
943.0	0.9719
943.2	0.97215
943.4	0.97242
943.6	0.97198
943.8	0.97055
944.0	0.97145
944.2	0.97024
944.4	0.97476
944.6	0.97913
944.8	0.98059
945.0	0.98128
945.2	0.98258
945.4	0.98451
945.6	0.98411
945.8	0.98182
946.0	0.98204
946.2	0.98135
946.4	0.98225
946.6	0.98602
946.8	0.98633
947.0	0.98357
947.2	0.98256
947.4	0.98523
947.6	0.98719
947.8	0.98801
948.0	0.98948
948.2	0.98939
948.4	0.98964
948.6	0.99041
948.8	0.98941
949.0	0.98768
949.2	0.98693
949.4	0.9871
949.6	0.98592
949.8	0.98781
950.0	0.98783
950.2	0.9862
950.4	0.98667
950.6	0.98707
950.8	0.98454
951.0	0.98427
951.2	0.98375
951.4	0.98594
951.6	0.98817
951.8	0.98664
952.0	0.98728
952.2	0.988
952.4	0.98604
952.6	0.98515
952.8	0.98533
953.0	0.98435
953.2	0.98453
953.4	0.9828
953.6	0.98301
953.8	0.98319
954.0	0.98292
954.2	0.98049
954.4	0.98013
954.6	0.98191
954.8	0.98214
955.0	0.98224
955.2	0.98372
955.4	0.98405
955.6	0.98452
955.8	0.98499
956.0	0.98415
956.2	0.98508
956.4	0.98329
956.6	0.98347
956.8	0.98354
957.0	0.98583
957.2	0.98676
957.4	0.98634
957.6	0.98795
957.8	0.98983
958.0	0.98907
958.2	0.98791
958.4	0.98682
958.6	0.98539
958.8	0.9835
959.0	0.98425
959.2	0.9864
959.4	0.98648
959.6	0.98705
959.8	0.98932
960.0	0.98943
960.2	0.9914
960.4	0.99096
960.6	0.98903
960.8	0.98921
961.0	0.9901
961.2	0.99035
961.4	0.99106
961.6	0.99104
961.8	0.99073
962.0	0.99074
962.2	0.98997
962.4	0.99053
962.6	0.99024
962.8	0.98908
963.0	0.98555
963.2	0.98422
963.4	0.98374
963.6	0.9837
963.8	0.98666
964.0	0.98945
964.2	0.98824
964.4	0.98763
964.6	0.98458
964.8	0.98097
965.0	0.97874
965.2	0.97678
965.4	0.97642
965.6	0.9747
965.8	0.97623
966.0	0.97915
966.2	0.97872
966.4	0.97948
966.6	0.98178
966.8	0.98158
967.0	0.98104
967.2	0.97915
967.4	0.97751
967.6	0.97683
967.8	0.97739
968.0	0.97659
968.2	0.97573
968.4	0.97365
968.6	0.97162
968.8	0.96759
969.0	0.96611
969.2	0.9675
969.4	0.96777
969.6	0.96837
969.8	0.96823
970.0	0.96948
970.2	0.96941
970.4	0.97059
970.6	0.97144
970.8	0.97157
971.0	0.97245
971.2	0.97394
971.4	0.97476
971.6	0.97454
971.8	0.97466
972.0	0.97437
972.2	0.97478
972.4	0.9743
972.6	0.97423
972.8	0.9735
973.0	0.97661
973.2	0.9788
973.4	0.98034
973.6	0.9812
973.8	0.98148
974.0	0.98254
974.2	0.98109
974.4	0.98045
974.6	0.98017
974.8	0.9807
975.0	0.97944
975.2	0.97901
975.4	0.97951
975.6	0.97949
975.8	0.97956
976.0	0.98114
976.2	0.98187
976.4	0.98279
976.6	0.98188
976.8	0.98473
977.0	0.98741
977.2	0.98735
977.4	0.98442
977.6	0.98166
977.8	0.97965
978.0	0.98043
978.2	0.98072
978.4	0.98127
978.6	0.98456
978.8	0.98596
979.0	0.98646
979.2	0.98429
979.4	0.98489
979.6	0.9852
979.8	0.98752
980.0	0.98725
980.2	0.98791
980.4	0.98818
980.6	0.98797
980.8	0.98544
981.0	0.98361
981.2	0.98261
981.4	0.98389
981.6	0.98332
981.8	0.98472
982.0	0.98386
982.2	0.98163
982.4	0.98093
982.6	0.98295
982.8	0.98416
983.0	0.98422
983.2	0.985
983.4	0.98386
983.6	0.9825
983.8	0.98373
984.0	0.98548
984.2	0.98793
984.4	0.98896
984.6	0.98952
984.8	0.98997
985.0	0.9884
985.2	0.98668
985.4	0.98579
985.6	0.98542
985.8	0.98276
986.0	0.98365
986.2	0.98561
986.4	0.98657
986.6	0.98563
986.8	0.98544
987.0	0.9853
987.2	0.98631
987.4	0.98713
987.6	0.98594
987.8	0.98682
988.0	0.98674
988.2	0.98807
988.4	0.98992
988.6	0.98969
988.8	0.99067
989.0	0.99212
989.2	0.993
989.4	0.99295
989.6	0.99297
989.8	0.99223
990.0	0.99144
990.2	0.99022
990.4	0.98895
990.6	0.99159
990.8	0.9922
991.0	0.99259
991.2	0.99377
991.4	0.99149
991.6	0.98974
991.8	0.98724
992.0	0.98592
992.2	0.98597
992.4	0.98609
992.6	0.98583
992.8	0.98657
993.0	0.98822
993.2	0.98882
993.4	0.98879
993.6	0.98913
993.8	0.99094
994.0	0.9911
994.2	0.98891
994.4	0.98721
994.6	0.98649
994.8	0.98607
995.0	0.98557
995.2	0.98351
995.4	0.98302
995.6	0.9819
995.8	0.98013
996.0	0.97833
996.2	0.97909
996.4	0.9798
996.6	0.98206
996.8	0.98116
997.0	0.97928
997.2	0.97871
997.4	0.97917
997.6	0.98033
997.8	0.98021
998.0	0.98104
998.2	0.98005
998.4	0.98
998.6	0.97861
998.8	0.97707
999.0	0.97693
999.2	0.97829
999.4	0.98078
999.6	0.98118
999.8	0.98043
1000.0	0.97967
1000.2	0.97924
1000.4	0.97894
1000.6	0.97721
1000.8	0.97844
1001.0	0.97817
1001.2	0.97793
1001.4	0.97669
1001.6	0.97683
1001.8	0.97821
1002.0	0.97953
1002.2	0.97888
1002.4	0.9785
1002.6	0.97732
1002.8	0.97628
1003.0	0.97809
1003.2	0.98138
1003.4	0.98165
1003.6	0.98105
1003.8	0.98086
1004.0	0.98167
1004.2	0.98266
1004.4	0.98131
1004.6	0.97898
1004.8	0.97876
1005.0	0.97802
1005.2	0.98008
1005.4	0.98209
1005.6	0.98431
1005.8	0.98559
1006.0	0.98657
1006.2	0.98645
1006.4	0.98673
1006.6	0.9859
1006.8	0.98559
1007.0	0.98548
1007.2	0.98357
1007.4	0.98006
1007.6	0.97881
1007.8	0.97934
1008.0	0.97997
1008.2	0.97703
1008.4	0.97525
1008.6	0.97541
1008.8	0.97682
1009.0	0.9751
1009.2	0.97434
1009.4	0.97726
1009.6	0.97989
1009.8	0.98054
1010.0	0.97974
1010.2	0.97939
1010.4	0.97909
1010.6	0.97881
1010.8	0.9778
1011.0	0.97775
1011.2	0.97694
1011.4	0.97847
1011.6	0.97819
1011.8	0.97789
1012.0	0.97654
1012.2	0.97433
1012.4	0.97347
1012.6	0.97423
1012.8	0.97516
1013.0	0.97852
1013.2	0.97836
1013.4	0.97832
1013.6	0.97727
1013.8	0.97645
1014.0	0.97691
1014.2	0.97593
1014.4	0.97679
1014.6	0.97757
1014.8	0.97962
1015.0	0.98069
1015.2	0.98073
1015.4	0.97829
1015.6	0.9759
1015.8	0.97461
1016.0	0.97468
1016.2	0.97414
1016.4	0.97465
1016.6	0.97589
1016.8	0.97712
1017.0	0.97758
1017.2	0.97687
1017.4	0.97789
1017.6	0.97948
1017.8	0.98002
1018.0	0.97902
1018.2	0.97988
1018.4	0.9819
1018.6	0.983
1018.8	0.98428
1019.0	0.98307
1019.2	0.98165
1019.4	0.98339
1019.6	0.98634
1019.8	0.98616
1020.0	0.9842
1020.2	0.98307
1020.4	0.98269
1020.6	0.98551
1020.8	0.98549
1021.0	0.98766
1021.2	0.98637
1021.4	0.98767
1021.6	0.98953
1021.8	0.98916
1022.0	0.98659
1022.2	0.98489
1022.4	0.98347
1022.6	0.98301
1022.8	0.98178
1023.0	0.98133
1023.2	0.98236
1023.4	0.98269
1023.6	0.98172
1023.8	0.98118
1024.0	0.98204
1024.2	0.98214
1024.4	0.98035
1024.6	0.9829
1024.8	0.98529
1025.0	0.98486
1025.2	0.98398
1025.4	0.98369
1025.6	0.98244
1025.8	0.98266
1026.0	0.98263
1026.2	0.98259
1026.4	0.98258
1026.6	0.98295
1026.8	0.98397
1027.0	0.98271
1027.2	0.98369
1027.4	0.98186
1027.6	0.98117
1027.8	0.98032
1028.0	0.97992
1028.2	0.97698
1028.4	0.97534
1028.6	0.97588
1028.8	0.97781
1029.0	0.97813
1029.2	0.97932
1029.4	0.98043
1029.6	0.98245
1029.8	0.98417
1030.0	0.9854
1030.2	0.98436
1030.4	0.98472
1030.6	0.98362
1030.8	0.98425
1031.0	0.98397
1031.2	0.98349
1031.4	0.98122
1031.6	0.98086
1031.8	0.98023
1032.0	0.98
1032.2	0.979
1032.4	0.9777
1032.6	0.97628
1032.8	0.97793
1033.0	0.97989
1033.2	0.98112
1033.4	0.98086
1033.6	0.98023
1033.8	0.98122
1034.0	0.98086
1034.2	0.98364
1034.4	0.98305
1034.6	0.98354
1034.8	0.98368
1035.0	0.98515
1035.2	0.98365
1035.4	0.98056
1035.6	0.98017
1035.8	0.98
1036.0	0.98213
1036.2	0.98131
1036.4	0.98023
1036.6	0.98152
1036.8	0.98135
1037.0	0.98227
1037.2	0.98375
1037.4	0.98322
1037.6	0.98212
1037.8	0.98153
1038.0	0.98225
1038.2	0.98369
1038.4	0.98567
1038.6	0.98481
1038.8	0.98571
1039.0	0.98774
1039.2	0.98771
1039.4	0.98739
1039.6	0.98701
1039.8	0.98757
1040.0	0.9885
1040.2	0.98798
1040.4	0.98802
1040.6	0.9863
1040.8	0.98451
1041.0	0.98245
1041.2	0.98342
1041.4	0.98442
1041.6	0.98364
1041.8	0.9832
1042.0	0.98482
1042.2	0.98605
1042.4	0.9867
1042.6	0.9875
1042.8	0.98666
1043.0	0.98511
1043.2	0.9844
1043.4	0.98494
1043.6	0.98295
1043.8	0.98305
1044.0	0.98263
1044.2	0.98182
1044.4	0.97955
1044.6	0.97874
1044.8	0.97972
1045.0	0.97937
1045.2	0.97929
1045.4	0.98084
1045.6	0.98037
1045.8	0.98139
1046.0	0.98226
1046.2	0.98454
1046.4	0.98322
1046.6	0.98483
1046.8	0.98498
1047.0	0.98681
1047.2	0.98359
1047.4	0.981
1047.6	0.9804
1047.8	0.98062
1048.0	0.98325
1048.2	0.98773
1048.4	0.98654
1048.6	0.9866
1048.8	0.98527
1049.0	0.98595
1049.2	0.9859
1049.4	0.9853
1049.6	0.98831
1049.8	0.9847
1050.0	0.9865
1050.2	0.98383
1050.4	0.98436
1050.6	0.98373
1050.8	0.98586
1051.0	0.98509
1051.2	0.98414
1051.4	0.98329
1051.6	0.98199
1051.8	0.9823
1052.0	0.98258
1052.2	0.98614
1052.4	0.98841
1052.6	0.98845
1052.8	0.98858
1053.0	0.98667
1053.2	0.98598
1053.4	0.98647
1053.6	0.98747
1053.8	0.98863
1054.0	0.99046
1054.2	0.98803
1054.4	0.9877
1054.6	0.98591
1054.8	0.98665
1055.0	0.98756
1055.2	0.9873
1055.4	0.98687
1055.6	0.98936
1055.8	0.98794
1056.0	0.98608
1056.2	0.98737
1056.4	0.98723
1056.6	0.9898
1056.8	0.98641
1057.0	0.98788
1057.2	0.98662
1057.4	0.98682
1057.6	0.98902
1057.8	0.9884
1058.0	0.9889
1058.2	0.98943
1058.4	0.98843
1058.6	0.98413
1058.8	0.98188
1059.0	0.98147
1059.2	0.98092
1059.4	0.98041
1059.6	0.98082
1059.8	0.98087
1060.0	0.97918
1060.2	0.98029
1060.4	0.9807
1060.6	0.9794
1060.8	0.97838
1061.0	0.9769
1061.2	0.97983
1061.4	0.98027
1061.6	0.97875
1061.8	0.97704
1062.0	0.97656
1062.2	0.97599
1062.4	0.97429
1062.6	0.97359
1062.8	0.97471
1063.0	0.97649
1063.2	0.97885
1063.4	0.98001
1063.6	0.97978
1063.8	0.97887
1064.0	0.97952
1064.2	0.97872
1064.4	0.97625
1064.6	0.97701
1064.8	0.97726
1065.0	0.97819
1065.2	0.97761
1065.4	0.97959
1065.6	0.97969
1065.8	0.98068
1066.0	0.98034
1066.2	0.97978
1066.4	0.9794
1066.6	0.9772
1066.8	0.97886
1067.0	0.97976
1067.2	0.98024
1067.4	0.98049
1067.6	0.97785
1067.8	0.97969
1068.0	0.98061
1068.2	0.98315
1068.4	0.98338
1068.6	0.98497
1068.8	0.98713
1069.0	0.98749
1069.2	0.98479
1069.4	0.98371
1069.6	0.98152
1069.8	0.98194
1070.0	0.98071
1070.2	0.98421
1070.4	0.98414
1070.6	0.98678
1070.8	0.98477
1071.0	0.98433
1071.2	0.9845
1071.4	0.98282
1071.6	0.98122
1071.8	0.98379
1072.0	0.98509
1072.2	0.98453
1072.4	0.98517
1072.6	0.98865
1072.8	0.98762
1073.0	0.98943
1073.2	0.99133
1073.4	0.9924
1073.6	0.99341
1073.8	0.99206
1074.0	0.99065
1074.2	0.9894
1074.4	0.98654
1074.6	0.98793
1074.8	0.98974
1075.0	0.98825
1075.2	0.99022
1075.4	0.98863
1075.6	0.98728
1075.8	0.98557
1076.0	0.9876
1076.2	0.98795
1076.4	0.98911
1076.6	0.98866
1076.8	0.98855
1077.0	0.98868
1077.2	0.98859
1077.4	0.98668
1077.6	0.98709
1077.8	0.98716
1078.0	0.98714
1078.2	0.98745
1078.4	0.98733
1078.6	0.9832
1078.8	0.9834
1079.0	0.98303
1079.2	0.98514
1079.4	0.98508
1079.6	0.98633
1079.8	0.98313
1080.0	0.98066
1080.2	0.98135
1080.4	0.98403
1080.6	0.97965
1080.8	0.97959
1081.0	0.98087
1081.2	0.97978
1081.4	0.98096
1081.6	0.98059
1081.8	0.97859
1082.0	0.97875
1082.2	0.98117
1082.4	0.98209
1082.6	0.98332
1082.8	0.9812
1083.0	0.98234
1083.2	0.98215
1083.4	0.97951
1083.6	0.98001
1083.8	0.97624
1084.0	0.97699
1084.2	0.98127
1084.4	0.97971
1084.6	0.97828
1084.8	0.97779
1085.0	0.97854
1085.2	0.97906
1085.4	0.97922
1085.6	0.98164
1085.8	0.98034
1086.0	0.9815
1086.2	0.9803
1086.4	0.98434
1086.6	0.98179
1086.8	0.9792
1087.0	0.97822
1087.2	0.97864
1087.4	0.9837
1087.6	0.98176
1087.8	0.98387
1088.0	0.98202
1088.2	0.98431
1088.4	0.9837
1088.6	0.98192
1088.8	0.98028
1089.0	0.98043
1089.2	0.9803
1089.4	0.9783
1089.6	0.97829
1089.8	0.97573
1090.0	0.97752
1090.2	0.9781
1090.4	0.97964
1090.6	0.97665
1090.8	0.97752
1091.0	0.97933
1091.2	0.98106
1091.4	0.9816
1091.6	0.97771
1091.8	0.97914
1092.0	0.97622
1092.2	0.97714
1092.4	0.97976
1092.6	0.97675
1092.8	0.98095
1093.0	0.97757
1093.2	0.98232
1093.4	0.98541
1093.6	0.98095
1093.8	0.98268
1094.0	0.98356
1094.2	0.98395
1094.4	0.98827
1094.6	0.98782
1094.8	0.9872
1095.0	0.98654
1095.2	0.98456
1095.4	0.98236
1095.6	0.98272
1095.8	0.98201
1096.0	0.9814
1096.2	0.98108
1096.4	0.98177
1096.6	0.98221
1096.8	0.9805
1097.0	0.98159
1097.2	0.98396
1097.4	0.97826
1097.6	0.98084
1097.8	0.97635
1098.0	0.97921
1098.2	0.97855
1098.4	0.97882
1098.6	0.97876
1098.8	0.97692
1099.0	0.97542
1099.2	0.97611
1099.4	0.97553
1099.6	0.97719
1099.8	0.97663
1100.0	0.97644
1100.2	0.97608
1100.4	0.97728
1100.6	0.97769
1100.8	0.97378
1101.0	0.97617
1101.2	0.97216
1101.4	0.97414
1101.6	0.9733
1101.8	0.97216
1102.0	0.97499
1102.2	0.97402
1102.4	0.97371
1102.6	0.97741
1102.8	0.97892
1103.0	0.97767
1103.2	0.97454
1103.4	0.97364
1103.6	0.97798
1103.8	0.97664
1104.0	0.97891
1104.2	0.97724
1104.4	0.97355
1104.6	0.97772
1104.8	0.97906
1105.0	0.9783
1105.2	0.97767
1105.4	0.97978
1105.6	0.98263
1105.8	0.98163
1106.0	0.98466
1106.2	0.98542
1106.4	0.98374
1106.6	0.98157
1106.8	0.98378
1107.0	0.98251
1107.2	0.98364
1107.4	0.98595
1107.6	0.985
1107.8	0.98629
1108.0	0.98201
1108.2	0.98624
1108.4	0.98343
1108.6	0.97608
1108.8	0.9837
1109.0	0.98156
1109.2	0.97879
1109.4	0.97939
1109.6	0.9825
1109.8	0.98408
1110.0	0.98325
1110.2	0.98097
1110.4	0.98362
1110.6	0.98336
1110.8	0.98336
1111.0	0.98387
1111.2	0.98721
1111.4	0.98755
1111.6	0.98307
1111.8	0.98264
1112.0	0.98361
1112.2	0.9864
1112.4	0.9843
1112.6	0.98535
1112.8	0.97662
1113.0	0.98366
1113.2	0.97974
1113.4	0.98051
1113.6	0.98002
1113.8	0.97976
1114.0	0.9747
1114.2	0.98151
1114.4	0.98193
1114.6	0.9804
1114.8	0.982
1115.0	0.98209
1115.2	0.98012
1115.4	0.98173
1115.6	0.978
1115.8	0.97605
1116.0	0.9776
1116.2	0.97779
1116.4	0.97846
1116.6	0.97338
1116.8	0.96982
1117.0	0.97414
1117.2	0.9757
1117.4	0.97645
1117.6	0.97331
1117.8	0.97327
1118.0	0.97187
1118.2	0.97153
1118.4	0.97703
1118.6	0.96417
1118.8	0.96946
1119.0	0.96848
1119.2	0.97117
1119.4	0.97374
1119.6	0.974
1119.8	0.97503
1120.0	0.97987
1120.2	0.97935
1120.4	0.97884
1120.6	0.97832
1120.8	0.9778
1121.0	0.97728
1121.2	0.97697
1121.4	0.97666
1121.6	0.97635
1121.8	0.97604
1122.0	0.97573
1122.2	0.9753
1122.4	0.97488
1122.6	0.97445
1122.8	0.97402
1123.0	0.97359
1123.2	0.97362
1123.4	0.97365
1123.6	0.97368
1123.8	0.9737
1124.0	0.97373
1124.2	0.97384
1124.4	0.97394
1124.6	0.97405
1124.8	0.97415
1125.0	0.97425
1125.2	0.97439
1125.4	0.97454
1125.6	0.97468
1125.8	0.97482
1126.0	0.97496
1126.2	0.97529
1126.4	0.97562
1126.6	0.97594
1126.8	0.97627
1127.0	0.9766
1127.2	0.97718
1127.4	0.97777
1127.6	0.97835
1127.8	0.97893
1128.0	0.97952
1128.2	0.98014
1128.4	0.98075
1128.6	0.98137
1128.8	0.98199
1129.0	0.9826
1129.2	0.98289
1129.4	0.98318
1129.6	0.98347
1129.8	0.98376
1130.0	0.98404
1130.2	0.98425
1130.4	0.98447
1130.6	0.98468
1130.8	0.98489
1131.0	0.9851
1131.2	0.9852
1131.4	0.98529
1131.6	0.98539
1131.8	0.98549
1132.0	0.98558
1132.2	0.98557
1132.4	0.98555
1132.6	0.98553
1132.8	0.98551
1133.0	0.98549
1133.2	0.9855
1133.4	0.98551
1133.6	0.98551
1133.8	0.98552
1134.0	0.98553
1134.2	0.98545
1134.4	0.98537
1134.6	0.98529
1134.8	0.98521
1135.0	0.98513
1135.2	0.98502
1135.4	0.98492
1135.6	0.98482
1135.8	0.98472
1136.0	0.98462
1136.2	0.98474
1136.4	0.98486
1136.6	0.98497
1136.8	0.98509
1137.0	0.98521
1137.2	0.985
1137.4	0.98479
1137.6	0.98458
1137.8	0.98437
1138.0	0.98416
1138.2	0.98406
1138.4	0.98395
1138.6	0.98385
1138.8	0.98374
1139.0	0.98364
1139.2	0.98346
1139.4	0.98329
1139.6	0.98311
1139.8	0.98293
1140.0	0.98276
1140.2	0.98215
1140.4	0.98153
1140.6	0.98092
1140.8	0.98031
1141.0	0.9797
1141.2	0.97913
1141.4	0.97855
1141.6	0.97798
1141.8	0.9774
1142.0	0.97683
1142.2	0.97644
1142.4	0.97605
1142.6	0.97566
1142.8	0.97527
1143.0	0.97488
1143.2	0.97469
1143.4	0.97449
1143.6	0.9743
1143.8	0.97411
1144.0	0.97391
1144.2	0.97397
1144.4	0.97402
1144.6	0.97407
1144.8	0.97413
1145.0	0.97418
1145.2	0.97433
1145.4	0.97447
1145.6	0.97462
1145.8	0.97476
1146.0	0.97491
1146.2	0.97519
1146.4	0.97548
1146.6	0.97577
1146.8	0.97605
1147.0	0.97634
1147.2	0.97683
1147.4	0.97733
1147.6	0.97782
1147.8	0.97832
1148.0	0.97881
1148.2	0.97928
1148.4	0.97974
1148.6	0.98021
1148.8	0.98067
1149.0	0.98114
1149.2	0.98127
1149.4	0.98141
1149.6	0.98154
1149.8	0.98168
1150.0	0.98181
1150.2	0.98199
1150.4	0.98217
1150.6	0.98234
1150.8	0.98252
1151.0	0.98269
1151.2	0.98269
1151.4	0.98269
1151.6	0.98268
1151.8	0.98268
1152.0	0.98268
1152.2	0.983
1152.4	0.98332
1152.6	0.98363
1152.8	0.98395
1153.0	0.98427
1153.2	0.98397
1153.4	0.98367
1153.6	0.98336
1153.8	0.98306
1154.0	0.98276
1154.2	0.98259
1154.4	0.98241
1154.6	0.98224
1154.8	0.98207
1155.0	0.9819
1155.2	0.98179
1155.4	0.98168
1155.6	0.98157
1155.8	0.98146
1156.0	0.98135
1156.2	0.9812
1156.4	0.98105
1156.6	0.9809
1156.8	0.98075
1157.0	0.9806
1157.2	0.98034
1157.4	0.98009
1157.6	0.97984
1157.8	0.97958
1158.0	0.97933
1158.2	0.97896
1158.4	0.97858
1158.6	0.97821
1158.8	0.97784
1159.0	0.97747
1159.2	0.9772
1159.4	0.97693
1159.6	0.97666
1159.8	0.97639
1160.0	0.97613
1160.2	0.9758
1160.4	0.97548
1160.6	0.97515
1160.8	0.97483
1161.0	0.97451
1161.2	0.97426
1161.4	0.974
1161.6	0.97375
1161.8	0.9735
1162.0	0.97325
1162.2	0.97325
1162.4	0.97324
1162.6	0.97323
1162.8	0.97323
1163.0	0.97322
1163.2	0.97344
1163.4	0.97366
1163.6	0.97387
1163.8	0.97409
1164.0	0.97431
1164.2	0.97471
1164.4	0.97512
1164.6	0.97553
1164.8	0.97594
1165.0	0.97635
1165.2	0.9763
1165.4	0.97625
1165.6	0.9762
1165.8	0.97615
1166.0	0.97609
1166.2	0.97639
1166.4	0.97669
1166.6	0.977
1166.8	0.9773
1167.0	0.9776
1167.2	0.97796
1167.4	0.97832
1167.6	0.97869
1167.8	0.97905
1168.0	0.97942
1168.2	0.97962
1168.4	0.97982
1168.6	0.98002
1168.8	0.98023
1169.0	0.98043
1169.2	0.98093
1169.4	0.98143
1169.6	0.98193
1169.8	0.98243
1170.0	0.98292
1170.2	0.9831
1170.4	0.98327
1170.6	0.98345
1170.8	0.98362
1171.0	0.9838
1171.2	0.98379
1171.4	0.98377
1171.6	0.98376
1171.8	0.98375
1172.0	0.98373
1172.2	0.98336
1172.4	0.98299
1172.6	0.98262
1172.8	0.98225
1173.0	0.98188
1173.2	0.98177
1173.4	0.98165
1173.6	0.98154
1173.8	0.98143
1174.0	0.98131
1174.2	0.98118
1174.4	0.98105
1174.6	0.98091
1174.8	0.98078
1175.0	0.98065
1175.2	0.98078
1175.4	0.98091
1175.6	0.98103
1175.8	0.98116
1176.0	0.98129
1176.2	0.98141
1176.4	0.98152
1176.6	0.98163
1176.8	0.98174
1177.0	0.98185
1177.2	0.98188
1177.4	0.98192
1177.6	0.98195
1177.8	0.98199
1178.0	0.98202
1178.2	0.98196
1178.4	0.98191
1178.6	0.98185
1178.8	0.98179
1179.0	0.98173
1179.2	0.98141
1179.4	0.98109
1179.6	0.98078
1179.8	0.98046
1180.0	0.98014
1180.2	0.97994
1180.4	0.97975
1180.6	0.97955
1180.8	0.97935
1181.0	0.97916
1181.2	0.97887
1181.4	0.97858
1181.6	0.9783
1181.8	0.97801
1182.0	0.97772
1182.2	0.97744
1182.4	0.97716
1182.6	0.97687
1182.8	0.97659
1183.0	0.9763
1183.2	0.97648
1183.4	0.97666
1183.6	0.97684
1183.8	0.97702
1184.0	0.9772
1184.2	0.9774
1184.4	0.9776
1184.6	0.97781
1184.8	0.97801
1185.0	0.97822
1185.2	0.97846
1185.4	0.97871
1185.6	0.97896
1185.8	0.97921
1186.0	0.97946
1186.2	0.97969
1186.4	0.97993
1186.6	0.98016
1186.8	0.9804
1187.0	0.98064
1187.2	0.98109
1187.4	0.98154
1187.6	0.98199
1187.8	0.98244
1188.0	0.98289
1188.2	0.98331
1188.4	0.98373
1188.6	0.98415
1188.8	0.98457
1189.0	0.98499
1189.2	0.98532
1189.4	0.98565
1189.6	0.98597
1189.8	0.9863
1190.0	0.98663
1190.2	0.98688
1190.4	0.98714
1190.6	0.9874
1190.8	0.98766
1191.0	0.98791
1191.2	0.98825
1191.4	0.98859
1191.6	0.98892
1191.8	0.98926
1192.0	0.98959
1192.2	0.98951
1192.4	0.98942
1192.6	0.98934
1192.8	0.98925
1193.0	0.98917
1193.2	0.98893
1193.4	0.98869
1193.6	0.98845
1193.8	0.98821
1194.0	0.98797
1194.2	0.98792
1194.4	0.98786
1194.6	0.98781
1194.8	0.98775
1195.0	0.9877
1195.2	0.98764
1195.4	0.98758
1195.6	0.98753
1195.8	0.98747
1196.0	0.98741
1196.2	0.9872
1196.4	0.98699
1196.6	0.98677
1196.8	0.98656
1197.0	0.98634
1197.2	0.98636
1197.4	0.98638
1197.6	0.98639
1197.8	0.98641
1198.0	0.98643
1198.2	0.98636
1198.4	0.9863
1198.6	0.98624
1198.8	0.98618
1199.0	0.98611
1199.2	0.98568
1199.4	0.98525
1199.6	0.98481
1199.8	0.98438
1200.0	0.98395
1200.2	0.9835
1200.4	0.98306
1200.6	0.98262
1200.8	0.98218
1201.0	0.98173
1201.2	0.98164
1201.4	0.98155
1201.6	0.98146
1201.8	0.98137
1202.0	0.98128
1202.2	0.9805
1202.4	0.97973
1202.6	0.97895
1202.8	0.97817
1203.0	0.9774
1203.2	0.97698
1203.4	0.97657
1203.6	0.97616
1203.8	0.97574
1204.0	0.97533
1204.2	0.97516
1204.4	0.97499
1204.6	0.97482
1204.8	0.97465
1205.0	0.97448
1205.2	0.97447
1205.4	0.97445
1205.6	0.97444
1205.8	0.97443
1206.0	0.97441
1206.2	0.97477
1206.4	0.97512
1206.6	0.97547
1206.8	0.97583
1207.0	0.97618
1207.2	0.97676
1207.4	0.97734
1207.6	0.97791
1207.8	0.97849
1208.0	0.97907
1208.2	0.97974
1208.4	0.98041
1208.6	0.98109
1208.8	0.98176
1209.0	0.98243
1209.2	0.98318
1209.4	0.98392
1209.6	0.98466
1209.8	0.9854
1210.0	0.98614
1210.2	0.98662
1210.4	0.9871
1210.6	0.98758
1210.8	0.98807
1211.0	0.98855
1211.2	0.98871
1211.4	0.98887
1211.6	0.98903
1211.8	0.9892
1212.0	0.98936
1212.2	0.98942
1212.4	0.98948
1212.6	0.98954
1212.8	0.98961
1213.0	0.98967
1213.2	0.98939
1213.4	0.98912
1213.6	0.98885
1213.8	0.98857
1214.0	0.9883
1214.2	0.9883
1214.4	0.98829
1214.6	0.98829
1214.8	0.98829
1215.0	0.98828
1215.2	0.9883
1215.4	0.98832
1215.6	0.98834
1215.8	0.98836
1216.0	0.98838
1216.2	0.98873
1216.4	0.98907
1216.6	0.98941
1216.8	0.98975
1217.0	0.99009
1217.2	0.9901
1217.4	0.99012
1217.6	0.99013
1217.8	0.99014
1218.0	0.99015
1218.2	0.99004
1218.4	0.98993
1218.6	0.98981
1218.8	0.9897
1219.0	0.98959
1219.2	0.98936
1219.4	0.98914
1219.6	0.98891
1219.8	0.98869
1220.0	0.98846