cyc,time,y2 piezo,cyc,ROIsum,fBg,fA1,fWidth1,fCtr1,fA2,fWidth2,fCtr2,box1,box2,box3,box4,box5,box6,box7,box8,box9,Nfit,BZ-2,BZ-1,BZ0,BZ1,BZ2,Excited,c5,c7,c9,fraction95,fraction75,fraction97,sum95,Tx,Ty,LiToTF,LiNfit,TFcalc,ToTFcalc,G_ctr_x,G_ctr_y,G_sigma_x,G_sigma_y,G_ar,G_Tx,G_Ty,G_ToTFcalc
0,0.66,35,0,48725.9,0,5,101,125,0,5,135,-9.16506,-5.14906,-10.0992,-7.07143,-2.19258,-287.961,-6.8036,53704.8,-44.9947,16439.4,-8.05244,-4.03643,-7.87399,-5.9588,-1.07995,0.708388,10.0248,54966.9,-28.1662,-0.42166,0.000104206,1.00028,-23.7747,329.574,268.089,0.247329,74077.7,1.18398e-06,0.251055,107.127,86.7005,24.0923,21.502,1.12047,528.635,428.423,0.401946 
1,0.01,35,1,50947.8,0,5,101,125,0,5,135,-1.11116,-5.36047,-6.45108,-6.23362,1.59995,-175.378,-6.11357,55601.6,-23.3446,16439.4,-0.433537,-4.68285,-5.09582,-5.55599,2.27758,0.622269,4.13552,56370.3,-13.0956,-0.357153,4.19203e-05,1.00013,-11.5791,319.778,409.194,0.240352,76654.3,1.19755e-06,0.30206,108.401,84.8969,24.0184,26.9289,0.891917,525.395,671.971,0.496161 
2,4.04,35,2,52547.8,0,5,101,125,0,5,135,-4.02129,-6.72184,-11.7033,-5.49453,-0.257831,-198.814,-10.2663,57278.9,-35.7834,16439.4,-3.25311,-5.95366,-10.167,-4.72636,0.510346,0.569009,1.35236,58150.3,-24.1648,-0.0489182,1.32891e-05,1.00023,-27.6453,265.214,302.025,0.194693,78657.3,1.2079e-06,0.234309,108.12,87.5451,23.6819,24.973,0.948301,510.777,577.9,0.449793 
3,3.52,35,3,50411.2,0,5,101,125,0,5,135,-3.79102,-5.83252,-14.0747,-6.14682,-0.737511,-191.802,-1.16085,54853.2,-44.1595,16439.4,-3.04993,-5.09144,-12.5926,-5.40574,0.00357304,0.518193,10.0481,55693.9,-32.9506,-0.340697,0.000103084,1.00032,-29.4926,318.278,340.649,0.261491,75144.5,1.18964e-06,0.276784,107.61,86.2057,23.2476,23.8513,0.97469,492.216,527.154,0.428184 
4,4.82,35,4,50763.8,0,5,101,125,0,5,135,-2.7099,-6.68335,-7.477,-4.91296,-2.20404,-171.067,14.845,55067.5,-39.3066,16439.4,-2.04893,-6.02238,-6.15506,-4.25199,-1.54308,0.692576,24.8422,55817.3,-29.3095,-2.40505,0.000254257,1.00029,-10.3292,364.653,422.432,0.321019,76080,1.19456e-06,0.328558,108.972,84.8284,23.352,24.9445,0.936157,496.645,576.584,0.447968 
5,2.35,35,5,51200.9,0,5,101,125,0,5,135,-6.00274,-5.34916,-11.2594,-0.869894,1.6258,-129.91,-5.97163,55919.2,-35.1502,16439.4,-5.5008,-4.84722,-10.2556,-0.36795,2.12775,0.455759,1.62028,56488.6,-27.5583,-0.0515197,1.63902e-05,1.00026,-31.4497,236.892,340.666,0.250773,77918.9,1.2041e-06,0.235926,104.877,83.8076,20.3077,24.1402,0.841239,375.595,540.001,0.374018 
6,1.44,35,6,50290.2,0,5,101,125,0,5,135,-6.56055,-7.14394,-13.9595,-4.80868,-0.131211,-227.134,5.74892,54997.3,-41.1708,16439.4,-5.68295,-6.26634,-12.2043,-3.93108,0.746389,0.553581,19.0226,55992.8,-27.8971,-1.31609,0.000194096,1.00027,-14.4539,242.674,385.117,0.226669,75063.5,1.18921e-06,0.257068,105.902,87.8691,21.3283,26.6062,0.801627,414.295,655.963,0.438364 
7,4.95,35,7,52198.2,0,5,101,125,0,5,135,-2.06499,-7.34866,-4.32348,-6.28926,-2.60788,-186.556,14.9237,56286.9,-43.8949,16439.4,-1.34417,-6.62784,-2.88185,-5.56844,-1.88706,0.842603,25.826,57104.6,-32.9926,-1.8762,0.000258367,1.00031,-13.7651,302.669,371.881,0.275072,77302.5,1.20092e-06,0.279365,108.82,83.946,22.2696,24.4954,0.909134,451.671,556.007,0.417289 
8,3.13,35,8,50804.9,0,5,101,125,0,5,135,-5.63508,-5.09436,-10.2152,-6.50862,2.57352,-222.815,-0.314848,55617.4,-40.4293,16439.4,-4.77417,-4.23344,-8.49332,-5.64771,3.43443,0.569178,12.7065,56594,-27.408,-0.629558,0.00012828,1.00026,-20.1832,300.105,390.352,0.287643,76598.3,1.19726e-06,0.285874,106.201,85.3463,21.8867,24.723,0.885277,436.275,566.391,0.415191 
9,2.09,35,9,49876.4,0,5,101,125,0,5,135,-4.34094,-2.16903,-6.38264,-0.291501,-0.816137,-201.219,-11.109,54970,-46.5114,16439.4,-3.56347,-1.39156,-4.8277,0.485968,-0.0386683,0.482863,0.650253,55851.9,-34.7522,-0.0158396,6.65279e-06,1.00034,-41.0523,237.832,319.633,0.261693,75037.5,1.18908e-06,0.231873,105.176,84.9089,20.0706,23.0448,0.87094,366.877,492.105,0.357338 
10,2.22,35,10,50095.6,0,5,101,125,0,5,135,-2.04031,-6.08396,-9.92945,-0.969467,-1.52165,-198.576,-3.52812,54925.6,-43.2942,16439.4,-1.27305,-5.3167,-8.39494,-0.20221,-0.754394,0.473384,8.07664,55795.9,-31.6894,-0.269665,8.27093e-05,1.00031,-29.9507,243.772,336.219,0.258431,75659.8,1.19235e-06,0.240103,104.503,84.5711,20.386,23.7328,0.858978,378.496,521.928,0.372762 
11,0.79,35,11,49077.2,0,5,101,125,0,5,135,-3.03724,-4.89448,-12.2204,-6.53095,-4.06162,-285.029,-7.49009,53817.3,-42.9192,16439.4,-1.93595,-3.79318,-10.0178,-5.42966,-2.96033,0.584959,9.16699,55066.6,-26.2622,-0.4102,9.51172e-05,1.00026,-22.3476,405.797,341.881,0.305561,75008.9,1.18892e-06,0.313284,107.156,87.4215,25.0107,22.7058,1.10151,569.705,477.733,0.438796 
12,1.57,35,12,48840.2,0,5,101,125,0,5,135,-1.26948,-6.53137,-3.16453,-5.64895,3.049,-114.4,-13.252,53442.6,-42.3924,16439.4,-0.827457,-6.08935,-2.28049,-5.20693,3.49102,0.791034,-6.56643,53944,-35.7068,0.132884,-6.9563e-05,1.00036,-49.4146,298.29,469.17,0.294777,74503.5,1.18625e-06,0.315362,105.585,86.8603,21.6723,26.8585,0.806905,427.767,668.461,0.450782 
13,3.26,35,13,48008.6,0,5,101,125,0,5,135,-3.70114,-6.23238,-11.9738,-5.86555,0.73129,-176.044,5.36857,52789.8,-37.1098,16439.4,-3.02094,-5.55218,-10.6134,-5.18535,1.41149,0.537751,15.6566,53561.4,-26.8218,-0.947187,0.000167007,1.00027,-16.5296,321.593,383.835,0.313288,72916.1,1.17776e-06,0.29831,106.317,86.2786,22.0908,23.904,0.924148,444.449,529.485,0.411889 
14,4.3,35,14,49844.8,0,5,101,125,0,5,135,-4.53832,-4.82994,-14.1863,-5.6163,-2.0314,-157.59,14.2602,54456.7,-43.9343,16439.4,-3.92943,-4.22104,-12.9685,-5.00741,-1.42251,0.529255,23.4698,55147.4,-34.7247,-1.28955,0.000243131,1.00034,-18.1999,308.005,352.032,0.230936,75412.1,1.19105e-06,0.276465,108.408,86.4784,23.9022,25.2962,0.944894,520.325,592.956,0.466357 
15,3.65,35,15,50269.6,0,5,101,125,0,5,135,-4.18461,-5.70733,-15.1491,-5.3536,-2.63365,-272.429,4.21849,54937,-41.713,16439.4,-3.132,-4.65472,-13.0438,-4.30099,-1.58104,0.511697,20.1392,56131.1,-25.7923,-1.86275,0.00020498,1.00025,-10.8116,296.501,331.715,0.243886,76001.4,1.19415e-06,0.262627,107.117,87.722,22.9794,24.0681,0.954765,480.923,536.781,0.42548 
16,1.7,35,16,50507.9,0,5,101,125,0,5,135,-1.59281,-2.95671,-11.134,-4.41632,-0.0148888,-162.778,-5.52688,54798.3,-49.959,16439.4,-0.963867,-2.32777,-9.87612,-3.78738,0.614052,0.395626,3.98586,55511.7,-40.4463,-0.0894699,4.10281e-05,1.0004,-44.5497,281.11,424.272,0.2881,76117,1.19475e-06,0.289056,105.377,86.6327,21.1743,25.7267,0.823047,408.335,613.312,0.418863 
17,1.18,35,17,50320,0,5,101,125,0,5,135,-7.34395,-4.50584,-15.2613,-5.84941,-5.005,-239.913,-3.69977,55228.4,-41.4188,16439.4,-6.41698,-3.57886,-13.4074,-4.92244,-4.07802,0.586239,10.3207,56279.9,-27.3983,-0.457534,0.000104779,1.00026,-22.5573,268.485,354.578,0.232258,76694.1,1.19776e-06,0.257599,106.23,87.4966,22.2342,25.2753,0.879684,450.239,591.976,0.431026 
18,0.4,35,18,48497.8,0,5,101,125,0,5,135,-5.80035,-6.54358,-12.9152,-9.17256,-3.50517,-191.91,-17.9258,53506.2,-40.5919,16439.4,-5.05885,-5.80208,-11.4322,-8.43106,-2.76367,0.658617,-6.71059,54347.3,-29.3767,0.159918,-7.05626e-05,1.00029,-41.9627,356.882,360.115,0.26631,74070.7,1.18395e-06,0.302797,107.339,85.8957,24.4739,24.3733,1.00413,545.514,550.481,0.462852 
19,2.48,35,19,46506.9,0,5,101,125,0,5,135,-5.86644,-5.0696,-7.84064,-4.51758,-5.94029,-164.334,3.28065,51182.5,-35.9953,16439.4,-5.23148,-4.43465,-6.57073,-3.88263,-5.30534,0.741562,12.8843,51902.8,-26.3917,-0.68586,0.000141831,1.00028,-18.7857,214.595,344.229,0.227009,71264.9,1.1688e-06,0.232536,104.808,83.4404,20.0282,25.1682,0.795773,365.327,586.973,0.396194 
20,0.14,35,20,48143.6,0,5,101,125,0,5,135,-4.448,-6.57027,-9.3731,-7.58951,-2.61357,-70.8788,-3.85499,52650.4,-37.1998,16439.4,-4.17414,-6.29641,-8.82538,-7.31564,-2.3397,0.695164,0.28716,52961,-33.0576,-0.00729165,3.09833e-06,1.00034,-39.382,376.1,463.786,0.283755,73833.9,1.18268e-06,0.353136,107.884,83.9398,24.6504,27.1311,0.908565,553.408,682.1,0.519491 
21,2.87,35,21,51225,0,5,101,125,0,5,135,-4.17765,-2.83018,-8.94415,-0.711255,-0.132205,-197.686,4.25156,55910.2,-47.7122,16439.4,-3.41384,-2.06636,-7.41651,0.0525626,0.631612,0.392713,15.8043,56776.6,-36.1595,-0.572887,0.000159037,1.00035,-27.5871,245.035,369.666,0.242403,77073.9,1.19974e-06,0.250861,105.465,84.8126,20.9112,25.4062,0.823074,398.249,598.123,0.406805 
22,1.83,35,22,48609.2,0,5,101,125,0,5,135,-8.43362,-0.799257,-3.01259,-6.39681,-6.55605,-110.021,-10.1366,53251.6,-51.8383,16439.4,-8.00852,-0.374158,-2.16239,-5.97171,-6.13095,0.904521,-3.70696,53733.8,-45.4087,0.0636963,-3.9423e-05,1.00046,-58.1974,273.439,395.343,0.304617,74455.5,1.18599e-06,0.277226,105.185,86.134,20.5189,24.4421,0.83949,383.448,553.591,0.388477 
23,4.69,35,23,49886.8,0,5,101,125,0,5,135,-4.23436,-2.51669,-5.61284,-7.96274,-5.02519,-140.117,0.571629,53967.9,-45.2106,16439.4,-3.69297,-1.9753,-4.53007,-7.42135,-4.4838,0.795052,8.76008,54582,-37.0222,-0.245611,9.17023e-05,1.00037,-35.6665,322.857,351.112,0.276034,75600.1,1.19204e-06,0.282447,108.892,85.1539,22.9675,23.7789,0.965878,480.427,523.959,0.420893 
24,3.91,35,24,49380.6,0,5,101,125,0,5,135,-3.57795,-3.7044,-10.6701,-2.97756,-5.36633,-173.273,6.72038,53808.1,-42.9715,16439.4,-2.90846,-3.03491,-9.33109,-2.30806,-4.69684,0.581178,16.8464,54567.6,-32.8455,-0.746471,0.000176384,1.00033,-22.5681,278.78,320.861,0.208996,74823.1,1.18794e-06,0.251764,107.435,87.5345,23.6055,25.0757,0.941372,507.488,582.663,0.457748 
25,0.27,35,25,50142.2,0,5,101,125,0,5,135,-2.05254,-2.99228,-4.76722,-3.79147,-1.37397,-214.122,-13.0005,54787.3,-25.9029,16439.4,-1.22522,-2.16496,-3.11258,-2.96414,-0.546649,0.689164,-0.487265,55725.8,-13.3896,0.0294335,-4.99659e-06,1.00013,-16.5548,324.606,373.444,0.238024,77321.9,1.20102e-06,0.289894,107.895,84.1006,24.299,25.8037,0.941684,537.742,616.99,0.479596 
26,1.31,35,26,48191.6,0,5,101,125,0,5,135,-2.45882,-4.02134,-6.60986,-5.78042,-2.66281,-224.319,-23.7656,53144.6,-36.7988,16439.4,-1.59209,-3.15461,-4.8764,-4.91369,-1.79608,0.701436,-10.6564,54127.8,-23.6896,0.272654,-0.000112512,1.00024,-39.0839,262.359,398.078,0.242299,74724,1.18742e-06,0.272163,105.959,89.0743,21.6403,26.3977,0.81978,426.505,645.72,0.441958 
27,2.61,35,27,49419,0,5,101,125,0,5,135,0.145404,-2.78599,-7.47845,-5.61074,-1.75498,-130.808,0.0477719,54095.3,-52.0577,16439.4,0.650819,-2.28058,-6.46762,-5.10532,-1.24957,0.552484,7.69218,54668.6,-44.4133,-0.168674,8.03967e-05,1.00044,-45.6038,237.034,371.693,0.239601,75869.9,1.19346e-06,0.248708,105.318,83.1342,20.6767,25.5848,0.808165,389.369,606.563,0.407204 
28,3.78,35,28,52089.5,0,5,101,125,0,5,135,-3.5773,-5.9905,-13.7269,-4.38537,-6.98043,-189.573,8.98559,56758.7,-47.7432,16439.4,-2.84483,-5.25803,-12.2619,-3.6529,-6.24796,0.594857,20.0643,57589.6,-36.6645,-0.838346,0.000199046,1.00035,-23.9331,256.301,279.357,0.195318,78574.8,1.20747e-06,0.221604,107.341,88.1212,23.2196,23.9978,0.967571,491.029,533.649,0.423939 
29,4.43,35,29,53584.8,0,5,101,125,0,5,135,-1.22182,-6.59356,-5.58401,-1.84735,-1.42472,-254.188,6.16787,57808.1,-40.3608,16439.4,-0.239691,-5.61142,-3.61975,-0.865213,-0.442586,0.664175,21.0226,58922.2,-25.506,-2.19339,0.000203836,1.00024,-9.58456,329.593,365.912,0.267168,80590.6,1.21771e-06,0.285189,108.55,86.18,23.4884,24.4696,0.959903,502.466,554.838,0.433602 
30,4.17,35,30,49391.2,0,5,101,125,0,5,135,-4.46751,-3.00489,-0.304616,-0.536971,-5.11617,-191.51,-3.89312,53884.4,-43.6491,16439.4,-3.72756,-2.26493,1.1753,0.202985,-4.37621,1.13073,7.29871,54723.7,-32.4572,-0.230607,7.62077e-05,1.00032,-31.65,293.661,341.401,0.220879,74897.1,1.18833e-06,0.266451,108.186,86.8096,23.7198,25.3345,0.936265,512.416,594.756,0.464561 
31,3.39,35,31,49030.4,0,5,101,125,0,5,135,-3.39387,-4.27711,-6.55875,-2.5476,-3.53635,-224.432,-6.99667,53977.9,-57.5782,16439.4,-2.52671,-3.40995,-4.82443,-1.68044,-2.66919,0.680728,6.11912,54961.5,-44.4624,-0.129544,6.36157e-05,1.00044,-47.2357,284.215,321.386,0.251499,74718.1,1.18739e-06,0.254534,106.591,86.7884,22.2568,23.461,0.948673,451.152,510.041,0.403992 
32,0.92,35,32,49345.6,0,5,101,125,0,5,135,-8.03177,-4.8583,-10.4664,-4.45264,-3.46854,-270.17,2.28075,54618.8,-48.1066,16439.4,-6.98789,-3.81442,-8.37869,-3.40876,-2.42465,0.665046,18.0695,55803,-32.3179,-0.872416,0.000184999,1.00031,-20.712,292.782,283.996,0.231674,76055.3,1.19443e-06,0.241417,106.506,87.6647,23.2402,22.6669,1.02529,491.9,476.101,0.405161 
33,3,35,33,49033.1,0,5,101,125,0,5,135,-2.25702,-1.31859,-6.08766,-6.23797,-5.28884,-124.766,-6.00239,53692,-38.6315,16439.4,-1.77495,-0.836519,-5.12352,-5.7559,-4.80677,0.719991,1.28892,54238.9,-31.3402,-0.0354884,1.35791e-05,1.00031,-36.3193,280.233,389.327,0.286244,75241.7,1.19015e-06,0.277533,105.806,84.9607,21.1509,24.7254,0.85543,407.432,566.501,0.403669 
34,1.96,35,34,48636.2,0,5,101,125,0,5,135,-4.04758,-0.842822,-10.7042,-5.13723,-5.47319,-162.831,-1.52813,53243.8,-35.9217,16439.4,-3.41843,-0.213674,-9.44586,-4.50809,-4.84404,0.578876,7.98773,53957.5,-26.4059,-0.337045,8.45857e-05,1.00027,-23.6993,248.463,339.382,0.271131,72851.1,1.17741e-06,0.24663,104.832,85.2398,20.2579,23.4862,0.862544,373.755,511.138,0.371222 
35,4.56,35,35,47315.7,0,5,101,125,0,5,135,-4.07292,-3.48767,-8.3804,-2.06431,-2.60418,-144.941,-1.25071,51848.7,-39.7247,16439.4,-3.5129,-2.92764,-7.26035,-1.50428,-2.04416,0.579094,7.21967,52484,-31.2543,-0.238387,7.85992e-05,1.00032,-30.2855,346.493,387.594,0.280921,72407.9,1.17502e-06,0.311882,108.464,85.6839,23.6896,24.8529,0.953192,511.108,572.356,0.460303 
36,1.05,35,36,48981.9,0,5,101,125,0,5,135,-7.85057,-5.85825,-13.6253,-1.45902,-1.0073,-218.828,-9.69205,54091.2,-39.9476,16439.4,-7.00506,-5.01275,-11.9343,-0.613518,-0.161798,0.517367,3.09624,55050.3,-27.1593,-0.104975,3.21382e-05,1.00027,-29.4949,314.461,366.193,0.265863,75070.1,1.18925e-06,0.285342,106.51,88.1275,22.9774,24.5242,0.936927,480.838,557.316,0.435289 
37,0.53,35,37,46565.6,0,5,101,125,0,5,135,-1.1817,-2.45827,-8.93793,-2.82229,-5.87539,-155.735,-3.46491,51381.6,-39.6309,16439.4,-0.579973,-1.85655,-7.73447,-2.22057,-5.27366,0.562164,5.63622,52064.2,-30.5298,-0.181816,6.18563e-05,1.00032,-30.9995,358.74,328.538,0.27224,72285.3,1.17436e-06,0.292336,107.256,86.2503,24.3415,23.1137,1.05312,539.628,495.055,0.440123 
38,2.74,35,38,49480.5,0,5,101,125,0,5,135,-1.88966,-3.15955,-5.22704,-3.98318,-0.521656,-168.035,-7.46441,53953.2,-35.8393,16439.4,-1.2404,-2.51029,-3.92852,-3.33392,0.1276,0.639106,2.35558,54689.7,-26.0193,-0.0815996,2.46118e-05,1.00026,-28.8676,255.333,395.821,0.25522,75505,1.19154e-06,0.266805,105.439,82.8652,20.9765,25.8594,0.811172,400.74,619.656,0.418213 
39,0.66,55,39,49256.1,0,5,101,125,0,5,135,-4.00179,-7.23603,-14.8314,-8.31404,-5.48335,-335.528,-20.6276,54195.5,-41.5024,16439.4,-2.70537,-5.93962,-12.2386,-7.01763,-4.18694,0.618594,-1.01932,55666.1,-21.8941,0.0373482,-1.04637e-05,1.00021,-27.2923,394.993,326.727,0.292508,75715,1.19264e-06,0.301215,107.173,86.6039,24.9818,22.4988,1.11036,568.391,469.062,0.432941 
40,0.01,55,40,51768.9,0,5,101,125,0,5,135,-4.37054,-5.73187,-10.7917,-3.70103,-3.84346,-91.8358,-3.69163,56177.5,-10.8652,16439.4,-4.0157,-5.37703,-10.082,-3.34619,-3.48862,0.616792,1.67525,56580,-5.49832,-0.34031,1.69189e-05,1.00005,-4.92273,339.374,407.919,0.234484,79583.7,1.21262e-06,0.306833,108.376,85.7317,24.9826,27.1295,0.920866,568.427,682.019,0.513465 
41,4.04,55,41,52797.8,0,5,101,125,0,5,135,-2.02863,-7.27279,-9.89092,-4.44512,-3.96695,-239.615,-8.49434,57084,-21.6697,16439.4,-1.1028,-6.34697,-8.03927,-3.5193,-3.04112,0.635398,5.50876,58134.2,-7.66658,-1.49243,5.41453e-05,1.00007,-3.69114,329.348,375.972,0.257481,79820.8,1.21382e-06,0.289901,108.736,88.1164,23.755,25.1091,0.946071,513.935,584.218,0.451426 
42,3.52,55,42,50874.3,0,5,101,125,0,5,135,-2.33811,-2.78628,-4.50814,-3.61345,-4.41485,-209.131,-7.77356,55665.4,-38.7044,16439.4,-1.53007,-1.97824,-2.89207,-2.80541,-3.60681,0.774279,4.44803,56582,-26.4828,-0.162744,4.49192e-05,1.00025,-27.3314,305.63,285.971,0.21537,77299.4,1.20091e-06,0.246178,108.323,87.4536,24.388,23.41,1.04178,541.692,507.828,0.436743 
43,4.82,55,43,51393.1,0,5,101,125,0,5,135,-2.52204,-0.583773,-6.91436,-6.83212,-2.75162,-147.158,-29.8435,55438.8,-26.3337,16439.4,-1.95345,-0.0151854,-5.77719,-6.26353,-2.18304,0.643216,-21.2436,56083.8,-17.7338,0.499566,-0.000216494,1.00017,-42.5241,313.34,409.271,0.319186,77373.3,1.20129e-06,0.298103,109.421,85.4239,21.6845,24.5467,0.883395,428.249,558.342,0.407054 
44,2.35,55,44,50904.6,0,5,101,125,0,5,135,-5.04289,-6.31243,-11.4793,-5.39266,-1.08516,-118.606,11.1753,55493,-35.4721,16439.4,-4.58462,-5.85416,-10.5627,-4.93439,-0.626893,0.602348,18.1066,56012.8,-28.5408,-1.12169,0.000184685,1.00028,-16.1423,242.395,321.626,0.221081,76411.5,1.19629e-06,0.2334,105.855,84.4834,21.5086,24.5591,0.87579,421.331,558.904,0.405643 
45,1.44,55,45,53159.7,0,5,101,125,0,5,135,-0.94366,0.401111,-9.47809,-3.41967,-0.656871,-236.006,-14.9775,57632.3,-26.6414,16439.4,-0.0317817,1.31299,-7.65433,-2.50779,0.255008,0.112635,-1.18537,58666.7,-12.8492,0.0713887,-1.15459e-05,1.00012,-16.6044,240.379,379.763,0.213597,80030,1.21488e-06,0.248697,105.848,89.6612,21.7186,26.9911,0.804656,429.597,675.08,0.443276 
46,4.95,55,46,49203.9,0,5,101,125,0,5,135,-5.696,-5.68178,-4.07391,-2.74412,-2.51046,-203.373,13.0169,53608.1,-42.4759,16439.4,-4.9102,-4.89599,-2.50232,-1.95833,-1.72467,0.843522,24.902,54499.5,-30.5908,-2.10911,0.00026103,1.0003,-11.8069,265.79,362.939,0.255092,74172.3,1.18449e-06,0.262214,109.272,85.2126,21.4148,24.783,0.864091,417.663,569.142,0.411617 
47,3.13,55,47,50314.7,0,5,101,125,0,5,135,-3.1473,-3.47903,-8.49718,-7.77524,-6.16182,-157.345,-9.2143,55034.9,-33.1897,16439.4,-2.53935,-2.87108,-7.28128,-7.16729,-5.55387,0.713481,-0.0190508,55724.5,-23.9945,0.000661202,-1.95357e-07,1.00023,-28.8124,350.558,357.878,0.260704,76813.8,1.19839e-06,0.295564,107.863,86.1062,24.4218,24.4798,0.997631,543.194,555.302,0.458295 
48,2.09,55,48,50335,0,5,101,125,0,5,135,-9.9592,-2.78491,-12.8393,-6.66806,-4.67681,-165.629,1.83184,54892.3,-40.9321,16439.4,-9.31924,-2.14495,-11.5594,-6.0281,-4.03685,0.650652,11.5112,55618.3,-31.2527,-0.442875,0.000118254,1.00031,-25.992,229.577,284.166,0.221153,75657.5,1.19234e-06,0.214215,105.553,84.9592,20.9136,23.0861,0.905895,398.341,493.871,0.371992 
49,2.22,55,49,50837.9,0,5,101,125,0,5,135,-4.58885,-5.26129,-11.2087,-3.43903,-4.09205,-200.011,-23.1614,55499.7,-40.373,16439.4,-3.81604,-4.48848,-9.66307,-2.66623,-3.31925,0.596583,-11.4727,56376.4,-28.6844,0.249984,-0.000116301,1.00028,-45.894,245.529,316.762,0.232112,76364.4,1.19604e-06,0.233169,105.691,85.4199,21.2501,23.9589,0.886942,411.266,531.919,0.391054 
50,0.79,55,50,50120.1,0,5,101,125,0,5,135,-1.42181,-4.87219,-10.5928,-3.21797,-4.36944,-327.164,-17.6595,54976.3,-27.7338,16439.4,-0.157709,-3.6081,-8.06456,-1.95387,-3.10534,0.522513,1.45995,56410.3,-8.61427,-0.164461,1.47889e-05,1.00008,-8.87718,364.09,307.479,0.262294,76653.7,1.19755e-06,0.279395,107.116,88.399,24.8365,22.6062,1.09865,561.795,473.554,0.430704 
51,1.57,55,51,48686.2,0,5,101,125,0,5,135,-4.06354,-6.717,-13.8985,-7.6151,-9.68426,-128.116,-11.8341,53201,-29.0957,16439.4,-3.56852,-6.22198,-12.9085,-7.12008,-9.18924,0.669084,-4.34702,53762.5,-21.6086,0.143573,-4.62055e-05,1.00022,-30.2773,303.634,469.976,0.308923,73915.7,1.18312e-06,0.319289,105.703,88.032,21.5496,26.5274,0.812354,422.939,652.081,0.443875 
52,3.26,55,52,49547.3,0,5,101,125,0,5,135,-3.93181,-1.77832,-8.41805,-2.94968,-6.69151,-218.601,-4.02215,54014.2,-46.0202,16439.4,-3.08718,-0.933692,-6.7288,-2.10505,-5.84688,0.640202,8.75288,54972.3,-33.2452,-0.281069,9.09765e-05,1.00033,-31.1414,363.508,342.911,0.268809,74778.7,1.18771e-06,0.297261,108.045,86.4,24.6126,23.7005,1.03848,551.712,520.508,0.451191 
53,4.3,55,53,49735.2,0,5,101,125,0,5,135,-7.01185,-7.6726,-3.55285,-5.60584,-1.95816,-244.465,-7.6621,54332.8,-34.1659,16439.4,-6.06729,-6.72803,-1.66372,-4.66127,-1.01359,0.917367,6.62443,55404.3,-19.8793,-0.384454,6.83183e-05,1.00019,-17.2308,358.473,432.023,0.329381,76228.1,1.19533e-06,0.329225,108.897,86.6834,23.0156,24.9818,0.921296,482.441,578.309,0.44189 
54,3.65,55,54,50648.7,0,5,101,125,0,5,135,-5.39692,-3.56603,-8.94945,-5.30728,-1.09689,-282.187,1.85196,55244.8,-39.293,16439.4,-4.30661,-2.47572,-6.76882,-4.21697,-0.00657406,0.619188,18.343,56481.6,-22.802,-2.03372,0.000185543,1.00022,-9.0194,305.202,296.947,0.208201,76924.9,1.19896e-06,0.251089,107.925,88.3241,24.7244,24.1322,1.02454,556.736,539.643,0.457164 
55,1.7,55,55,48642,0,5,101,125,0,5,135,-2.07228,-4.65751,-5.46332,-1.54333,-3.15678,-160.661,-14.0957,53462.2,-36.2482,16439.4,-1.45152,-4.03674,-4.22179,-0.92257,-2.53602,0.679406,-4.70668,54166.4,-26.8591,0.127422,-4.96556e-05,1.00027,-36.9376,270.507,408.709,0.288774,74746.5,1.18754e-06,0.279994,105.606,86.401,20.746,25.2549,0.821461,391.981,591.024,0.405311 
56,1.18,55,56,46572.5,0,5,101,125,0,5,135,-6.73786,-2.88246,-15.5481,-7.1862,-4.67224,-242.446,-34.459,51638.2,-29.9596,16439.4,-5.8011,-1.9457,-13.6745,-6.24944,-3.73548,0.564592,-20.2905,52700.9,-15.7911,0.51709,-0.000220056,1.00016,-39.2398,245.57,335.578,0.214332,72559.3,1.17584e-06,0.244139,106.356,88.3579,21.8896,25.3287,0.864222,436.389,594.48,0.433169 
57,0.4,55,57,48573.2,0,5,101,125,0,5,135,-4.92741,-5.05161,-10.7773,-6.28369,-5.57559,-187.562,-17.0848,53584.5,-38.6075,16439.4,-4.20271,-4.32691,-9.32785,-5.55899,-4.85089,0.670013,-6.12371,54406.6,-27.6464,0.155822,-6.43211e-05,1.00028,-39.2994,356.62,339.31,0.253029,75577,1.19192e-06,0.291846,107.699,87.0049,24.8941,24.0654,1.03444,564.405,536.659,0.461741 
58,2.48,55,58,46981.8,0,5,101,125,0,5,135,-7.24646,-6.55385,-5.66555,-6.13835,-3.66402,-88.8357,-23.301,51463.3,-30.7491,16439.4,-6.90322,-6.2106,-4.97906,-5.79511,-3.32078,0.817005,-18.1095,51852.7,-25.5576,0.371259,-0.000199611,1.00027,-48.7786,264.483,365.487,0.239951,72892.1,1.17763e-06,0.264013,106.079,83.8087,21.8135,25.3922,0.85906,433.359,597.468,0.432087 
59,0.14,55,59,47799.7,0,5,101,125,0,5,135,-6.61088,-5.87003,-7.91332,-9.14299,-6.18214,-98.7019,-8.01193,52381.5,-32.7773,16439.4,-6.22951,-5.48866,-7.15059,-8.76163,-5.80078,0.78611,-2.24379,52814.1,-27.0092,0.0647468,-2.42775e-05,1.00028,-34.6548,385.209,454.047,0.279605,73944.6,1.18327e-06,0.353438,107.996,82.4006,25.0542,26.9736,0.928841,571.688,674.203,0.524674 
60,2.87,55,60,49776.6,0,5,101,125,0,5,135,-3.1677,-3.84966,-12.5571,-4.22431,-6.83727,-153.875,-19.4675,54505.1,-40.6271,16439.4,-2.57316,-3.25512,-11.368,-3.62977,-6.24273,0.580033,-10.4751,55179.5,-31.6346,0.216263,-0.00010849,1.00031,-48.4366,310.569,373.41,0.254449,76823,1.19843e-06,0.284157,107.319,85.5961,23.1855,25.1764,0.920923,489.589,587.352,0.447457 
61,1.83,55,61,51799.8,0,5,101,125,0,5,135,-1.06321,-6.12127,-11.8005,-3.92763,-6.62505,-158.379,-21.3395,56747.7,-34.338,16439.4,-0.451271,-5.50933,-10.5766,-3.31568,-6.01311,0.5911,-12.0839,57441.9,-25.0824,0.286465,-0.000120224,1.00024,-42.1827,284.701,390.779,0.304349,78911.5,1.2092e-06,0.275844,105.394,86.4084,20.9364,24.2866,0.862055,399.211,546.571,0.386302 
62,4.69,55,62,49958.1,0,5,101,125,0,5,135,-4.14937,-6.57745,-6.38117,-3.02535,-5.65003,-214.257,-3.49622,54415.1,-47.4039,16439.4,-3.32153,-5.7496,-4.72548,-2.1975,-4.82218,0.772991,9.02497,55354.2,-34.8827,-0.274864,9.31573e-05,1.00034,-32.8343,289.84,364.781,0.285903,76026,1.19427e-06,0.272265,109.333,85.7224,21.5216,23.944,0.89883,421.838,531.258,0.396389 
63,3.91,55,63,49451.4,0,5,101,125,0,5,135,-4.43277,-5.29166,-6.19459,-2.67269,-2.59183,-174.228,-26.1252,53676.6,-31.1311,16439.4,-3.75959,-4.61848,-4.84823,-1.9995,-1.91865,0.717213,-15.9433,54440.2,-20.9493,0.388081,-0.000167376,1.00021,-41.0824,345.024,371.747,0.253258,75557.3,1.19182e-06,0.300497,108.59,88.132,24.4729,25.1383,0.973532,545.469,585.576,0.474207 
64,0.27,55,64,50422,0,5,101,125,0,5,135,-5.9516,-4.39542,-10.0287,-3.85672,-0.94302,-125.319,-14.5046,55035.8,-36.7751,16439.4,-5.46739,-3.91122,-9.06031,-3.37251,-0.458813,0.593165,-7.18103,55585.1,-29.4514,0.168875,-7.38282e-05,1.00029,-42.5228,366.339,386.538,0.253788,77525.3,1.20207e-06,0.313045,108.114,85.3279,25.2345,25.6675,0.983131,579.946,610.49,0.494996 
65,1.31,55,65,47623.9,0,5,101,125,0,5,135,-0.714181,-5.08021,-12.3279,-0.733653,-6.49567,-131.684,-27.823,52614.7,-49.1055,16439.4,-0.205381,-4.57141,-11.3103,-0.224852,-5.98687,0.492784,-20.1274,53191.9,-41.4099,0.288279,-0.000216271,1.00042,-69.8192,231.088,345.858,0.205985,74033.5,1.18375e-06,0.238824,105.918,88.1914,21.5549,26.1663,0.823766,423.147,634.452,0.437709 
66,2.61,55,66,49385.7,0,5,101,125,0,5,135,-4.68577,-3.08471,-12.4734,-2.32406,-0.685368,-117.564,-20.8253,54182.6,-30.1974,16439.4,-4.23153,-2.63046,-11.5649,-1.86981,-0.231123,0.436624,-13.9549,54697.9,-23.3269,0.332677,-0.000145808,1.00023,-41.9472,260.927,360.868,0.228469,74805.2,1.18785e-06,0.258329,106.33,84.4955,22.0911,25.6863,0.860037,444.461,611.385,0.438848 
67,3.78,55,67,50547.6,0,5,101,125,0,5,135,-7.73951,-0.703214,-8.25244,-1.69747,-3.10605,-154.648,-19.4345,54885.2,-36.2025,16439.4,-7.14198,-0.105684,-7.05738,-1.09994,-2.50852,0.60603,-10.3969,55563,-27.1648,0.241817,-0.000106936,1.00027,-42.9946,298.124,313.517,0.214224,76150.1,1.19492e-06,0.255852,108.455,87.7411,24.1418,24.5455,0.983553,530.808,558.285,0.455572 
68,4.43,55,68,50806.1,0,5,101,125,0,5,135,-0.0991977,-3.58775,-7.12902,-2.40255,-2.23846,-212.246,-1.67054,55164.1,-41.0544,16439.4,0.720877,-2.76768,-5.48887,-1.58247,-1.41838,0.479063,10.7331,56094.4,-28.6508,-0.453872,0.000109325,1.00028,-23.6478,309.17,365.656,0.281052,76385,1.19615e-06,0.281092,108.936,85.6189,22.3468,24.0913,0.927587,454.81,537.817,0.413472 
69,4.17,55,69,50307.8,0,5,101,125,0,5,135,-3.98732,-1.80833,-12.3654,-6.86947,-4.79217,-191.66,5.85812,54681.1,-41.8395,16439.4,-3.24679,-1.0678,-10.8843,-6.12894,-4.05163,0.571137,17.0587,55521.1,-30.6389,-0.865573,0.000175539,1.0003,-19.708,351.468,414.526,0.290986,75883.8,1.19353e-06,0.319805,108.996,87.435,23.6061,25.3823,0.930022,507.512,597,0.461187 
70,3.39,55,70,50872.1,0,5,101,125,0,5,135,-4.21054,-5.73139,-12.8891,-3.3198,0.280129,-243.52,7.80214,55205,-39.9947,16439.4,-3.26963,-4.79047,-11.0073,-2.37889,1.22104,0.455765,22.0334,56272.4,-25.7634,-2.4805,0.000223693,1.00025,-8.88265,336.82,313.38,0.240077,76406.6,1.19626e-06,0.271586,107.979,87.0846,24.6252,23.5721,1.04467,552.276,514.884,0.445765 
71,0.92,55,71,49852.5,0,5,101,125,0,5,135,-5.03704,-7.41414,-10.5705,-6.16794,-5.83686,-248.989,1.72693,54909.6,-43.1829,16439.4,-4.07499,-6.4521,-8.64644,-5.2059,-4.87481,0.704438,16.2778,56000.9,-28.632,-0.900298,0.00016607,1.00028,-18.0805,271.514,261.603,0.209121,75807.3,1.19313e-06,0.223373,106.499,88.9945,23.2411,22.5931,1.02868,491.94,473.004,0.404298 
72,3,55,72,48308.2,0,5,101,125,0,5,135,-2.76223,-1.11984,-7.25019,-8.83533,-4.0949,-163.545,-14.9655,52804.5,-34.5286,16439.4,-2.13033,-0.487937,-5.98638,-8.20343,-3.463,0.704684,-5.40794,53521.3,-24.971,0.152883,-5.77421e-05,1.00025,-35.3732,316.953,351.361,0.251858,73707.9,1.18201e-06,0.282327,107.392,85.6008,23.5102,24.501,0.95956,503.398,556.264,0.447687 
73,1.96,55,73,47581.1,0,5,101,125,0,5,135,-7.91815,-2.55141,-8.53288,-7.47625,-2.22866,-149.622,-11.6784,52357.7,-24.9093,16439.4,-7.34004,-1.9733,-7.37666,-6.89814,-1.65055,0.707724,-2.93445,53013.5,-16.1654,0.131396,-3.16312e-05,1.00017,-22.333,223.753,286.036,0.231206,72216.9,1.17399e-06,0.215492,105.502,86.1542,20.2995,22.7777,0.891203,375.293,480.764,0.361817 
74,4.56,55,74,48092,0,5,101,125,0,5,135,-3.84939,-5.21138,-13.0685,-6.63187,0.106638,-185.88,10.1187,52716.1,-35.0335,16439.4,-3.13119,-4.49317,-11.6321,-5.91367,0.824843,0.522204,20.9815,53530.8,-24.1707,-2.61507,0.000223922,1.00025,-8.0233,290.863,353.853,0.280074,72620.3,1.17617e-06,0.272763,109.229,85.8295,21.696,23.7396,0.913918,428.706,522.227,0.402291 
75,1.05,55,75,46062.2,0,5,101,125,0,5,135,-0.991449,-5.69102,-11.5345,-7.03887,-6.26849,-339.461,-11.9477,50925.2,-24.7222,16439.4,0.320161,-4.37941,-8.91131,-5.72726,-4.95688,0.623275,7.89036,52413,-4.88409,3.88792,8.60166e-05,1.00005,2.02946,290.33,332.882,0.248882,70815.4,1.16634e-06,0.266542,106.414,89.0191,22.5441,23.8963,0.943414,462.874,529.143,0.424318 
76,0.53,55,76,45331.2,0,5,101,125,0,5,135,-4.65205,-4.87864,-6.42488,-4.634,-3.87504,-203.604,-7.29117,50398.9,-26.9736,16439.4,-3.86537,-4.09196,-4.85152,-3.84732,-3.08836,0.754285,4.60742,51291.3,-15.0751,-0.34173,5.13279e-05,1.00016,-13.4826,312.364,266.48,0.225579,69994.1,1.16182e-06,0.248328,107.268,86.0936,24.2277,22.2176,1.09047,534.591,457.414,0.425626 
77,2.74,55,77,49254.8,0,5,101,125,0,5,135,-4.25144,-3.63223,-4.94592,-6.3151,-1.26657,-191.332,-18.4013,54094,-41.447,16439.4,-3.51217,-2.89296,-3.46738,-5.57583,-0.527303,0.782958,-7.21984,54932.6,-30.2655,0.165827,-7.5109e-05,1.0003,-43.5384,287.224,378.75,0.244165,75100,1.18941e-06,0.277304,106.556,83.6132,22.6146,25.6803,0.880621,465.775,611.101,0.448554 
78,0.66,95,78,48024.7,0,5,101,125,0,5,135,-6.46023,-1.93539,-17.4619,-5.4541,-4.51268,-205.209,-14.464,52933.5,-33.1934,16439.4,-5.66734,-1.14251,-15.8761,-4.66121,-3.71979,0.488971,-2.47159,53833,-21.201,0.0885469,-2.62363e-05,1.00021,-27.9128,394.512,309.213,0.272577,74050,1.18384e-06,0.29503,107.126,90.0419,25.5209,22.3954,1.13956,593.188,464.76,0.443526 
79,0.01,95,79,47800.3,0,5,101,125,0,5,135,-4.70688,-1.01434,-4.72711,-5.88033,-5.33594,-194.598,5.11162,51944,-5.93411,16439.4,-3.95499,-0.262456,-3.22334,-5.12845,-4.58405,0.812086,16.4839,52796.9,5.43819,0.716388,0.000178376,0.999944,23.0098,365.581,434.832,0.238234,72773.8,1.177e-06,0.338749,108.487,86.0923,25.8339,27.8786,0.926656,607.825,720.205,0.562137 
80,4.04,95,80,48883.2,0,5,101,125,0,5,135,-4.28118,-4.7166,-9.67893,-6.83398,-2.9485,-193.859,8.22066,53266.2,-22.7706,16439.4,-3.53214,-3.96756,-8.18086,-6.08494,-2.19947,0.658633,19.5498,54115.9,-11.4414,3.35903,0.00020639,1.00011,5.82007,322.62,405.722,0.293649,74228.6,1.18479e-06,0.305365,108.816,87.7132,22.5484,25.0331,0.900744,463.054,580.689,0.43767 
81,3.52,95,81,49785.7,0,5,101,125,0,5,135,-4.07791,-8.35309,-4.82322,-7.43006,-3.76627,-109.405,-13.7814,54095.6,-32.5781,16439.4,-3.65519,-7.93036,-3.97778,-7.00734,-3.34355,0.846502,-7.38777,54575.2,-26.1845,0.190362,-7.73596e-05,1.00026,-38.8091,326.951,347.426,0.235963,76348.7,1.19596e-06,0.281809,108.881,87.8257,24.4291,24.9349,0.979717,543.518,576.139,0.4679 
82,4.82,95,82,48846.5,0,5,101,125,0,5,135,-4.67793,-2.85173,-9.47566,-6.63527,-1.51963,-173.291,-6.05482,53401.3,-27.9603,16439.4,-4.00837,-2.18216,-8.13653,-5.96571,-0.850066,0.615164,4.07233,54160.8,-17.8332,-0.235021,4.29637e-05,1.00018,-17.3275,231.324,308.758,0.203613,74937,1.18854e-06,0.224856,109.766,86.643,21.675,24.8119,0.873575,427.876,570.468,0.41568 
83,2.35,95,83,48660.1,0,5,101,125,0,5,135,-2.84751,-2.92244,-6.53617,-1.0069,-6.0068,-103.532,-12.0401,53267,-28.1589,16439.4,-2.44748,-2.52241,-5.73612,-0.606868,-5.60677,0.660979,-5.98968,53720.8,-22.1084,0.184186,-6.37163e-05,1.00022,-32.5198,265.961,327.11,0.204284,75164.8,1.18975e-06,0.247914,107.016,83.7945,23.2489,25.5213,0.910959,492.27,603.559,0.458149 
84,1.44,95,84,49170.4,0,5,101,125,0,5,135,-5.08772,-9.01819,-11.6813,-3.34389,-3.68604,-155.831,-21.8129,53987.8,-12.4733,16439.4,-4.48562,-8.41609,-10.4771,-2.74179,-3.08394,0.641251,-12.7061,54670.9,-3.36648,0.75876,-0.000132824,1.00003,-16.7459,283.957,439.24,0.264153,74818.3,1.18792e-06,0.297297,106.029,88.7559,21.9106,26.9244,0.813783,437.227,671.745,0.456215 
85,4.95,95,85,48656.5,0,5,101,125,0,5,135,-4.52821,-2.89263,-14.4497,-4.91298,-4.98147,-157.781,-20.126,53199,-25.2813,16439.4,-3.91858,-2.283,-13.2305,-4.30335,-4.37184,0.529286,-10.9053,53890.5,-16.0606,0.361365,-0.000115648,1.00016,-30.178,260.411,331.369,0.218818,74186.7,1.18456e-06,0.247986,109.714,86.0987,22.3903,24.9878,0.896049,456.581,578.587,0.433895 
86,3.13,95,86,48652.9,0,5,101,125,0,5,135,-2.22245,-4.67448,-5.06651,-6.9292,-0.334703,-158.668,-10.7981,53069.2,-21.4186,16439.4,-1.60939,-4.06142,-3.84039,-6.31614,0.278359,0.753013,-1.52557,53764.7,-12.146,0.0947513,-1.62145e-05,1.00012,-16.1008,383.06,358.477,0.265796,73822.1,1.18262e-06,0.313342,108.078,88.0578,25.371,24.3631,1.04137,586.237,550.018,0.480153 
87,2.09,95,87,47928.3,0,5,101,125,0,5,135,-3.28297,-2.71084,-11.589,-3.1088,0.703667,-149.819,-11.1625,52824.7,-38.3074,16439.4,-2.7041,-2.13197,-10.4313,-2.52993,1.28254,0.368366,-2.40703,53481.4,-29.552,0.0635613,-2.57189e-05,1.0003,-37.8694,266.935,310.032,0.230033,73501.7,1.18091e-06,0.243607,106.114,84.9938,22.2466,23.7629,0.936193,450.74,523.251,0.411247 
88,2.22,95,88,51177.4,0,5,101,125,0,5,135,-1.75212,-4.62545,-9.85106,-3.29532,-3.78508,-150.002,-4.5341,55459.8,-23.9714,16439.4,-1.17254,-4.04587,-8.6919,-2.71574,-3.2055,0.561714,4.23204,56117.3,-15.2052,-0.301981,4.3092e-05,1.00015,-14.0142,284.951,322.775,0.21916,77458.6,1.20173e-06,0.252365,106.868,84.7364,23.4339,24.7158,0.948133,500.135,566.062,0.442761 
89,0.79,95,89,45972.3,0,5,101,125,0,5,135,-5.81406,-1.37272,-13.3874,-4.14446,-8.52778,-183.069,-21.3734,50861.9,-32.9587,16439.4,-5.10671,-0.665373,-11.9728,-3.43711,-7.82044,0.58718,-10.6749,51664.3,-22.2601,0.285524,-0.000118083,1.00023,-37.387,311.011,273.405,0.232914,71726.1,1.17132e-06,0.248952,106.643,89.1612,23.8848,22.1687,1.07741,519.569,455.399,0.415281 
90,1.57,95,90,49520.1,0,5,101,125,0,5,135,-2.16152,-8.42285,-8.65459,-4.41516,-2.59183,-104.075,-25.8048,54294,-8.01077,16439.4,-1.7594,-8.02072,-7.85034,-4.01304,-2.18971,0.670613,-19.7226,54750.2,-1.92864,0.894978,-0.000205888,1.00002,-22.037,265.996,395.718,0.26566,75739.7,1.19277e-06,0.272002,105.962,87.3679,21.1119,25.4907,0.828218,405.931,602.111,0.414483 
91,3.26,95,91,50724.9,0,5,101,125,0,5,135,-3.34195,0.162932,-11.3409,-4.06231,-3.75537,-83.0753,-16.6656,54662.1,-26.034,16439.4,-3.02096,0.483918,-10.6989,-3.74132,-3.43438,0.475843,-11.8106,55026.2,-21.1791,0.317273,-0.000122664,1.00021,-37.2255,349.5,326.559,0.232901,77165.1,1.20021e-06,0.28148,108.229,88.1157,25.3839,24.3022,1.04451,586.833,547.274,0.472175 
92,4.3,95,92,49437.9,0,5,101,125,0,5,135,-4.36927,-1.25887,-8.59242,-3.71935,-3.54631,-151.397,-14.5256,53658.5,-16.2248,16439.4,-3.7843,-0.673903,-7.42248,-3.13438,-2.96134,0.587099,-5.67792,54322.1,-7.37718,0.390758,-5.97311e-05,1.00007,-14.5305,306.703,416.204,0.314107,75021.2,1.18899e-06,0.300493,109.591,86.3174,21.5345,24.8643,0.86608,422.345,572.884,0.413703 
93,3.65,95,93,49086.2,0,5,101,125,0,5,135,-3.65012,-2.87443,-3.91612,-0.88783,-3.9529,-195.005,1.53267,53264.8,-34.2186,16439.4,-2.89666,-2.12097,-2.4092,-0.134369,-3.19944,0.77611,12.9288,54119.5,-22.8225,-0.894215,0.000136492,1.00023,-14.4582,314.013,348.323,0.231671,74908.8,1.1884e-06,0.278294,108.525,89.121,24.0809,25.0835,0.960032,528.136,583.026,0.466934 
94,1.7,95,94,47863.6,0,5,101,125,0,5,135,-5.4844,-3.54485,-11.9176,-6.38697,-3.04319,-127.7,-1.42159,52303.1,-20.0828,16439.4,-4.99099,-3.05145,-10.9308,-5.89356,-2.54978,0.601307,6.0412,52862.8,-12.62,-0.663659,6.5299e-05,1.00013,-9.10286,250.79,333.623,0.251871,73111.3,1.17881e-06,0.24538,106.02,85.7698,20.8633,23.8659,0.874188,396.428,527.798,0.388035 
95,1.18,95,95,47214,0,5,101,125,0,5,135,-5.80123,-9.35306,-12.0295,-5.99414,-3.1685,-195.048,-10.6517,52271.8,-29.7357,16439.4,-5.0476,-8.59943,-10.5223,-5.24052,-2.41488,0.669368,0.746865,53126.7,-18.3371,-0.0351339,8.03318e-06,1.00019,-21.2577,237.459,346.948,0.201536,73404.1,1.18038e-06,0.243166,106.383,88.5467,22.0816,26.4139,0.835983,444.079,646.516,0.453937 
96,0.4,95,96,48339.7,0,5,101,125,0,5,135,-5.43036,-5.41633,-12.5678,-3.40559,-2.5883,-221.125,-23.8402,52917.3,-25.9571,16439.4,-4.57598,-4.56195,-10.859,-2.55121,-1.73392,0.552796,-10.9176,53886.5,-13.0346,0.411069,-0.000115787,1.00013,-26.5592,326.73,295.314,0.212541,74147.1,1.18435e-06,0.262274,107.353,87.9137,25.3757,23.9065,1.06146,586.453,529.595,0.470551 
97,2.48,95,97,48132.6,0,5,101,125,0,5,135,-4.65303,-7.90682,-7.87539,-5.63289,-3.30315,-127.15,-11.3434,52373.7,-40.1721,16439.4,-4.16174,-7.41554,-6.89283,-5.1416,-2.81187,0.739141,-3.91274,52931,-32.7415,0.0905674,-4.22426e-05,1.00034,-43.2025,256.438,312.308,0.184979,73739.1,1.18218e-06,0.239387,107.047,84.1512,23.7855,26.0022,0.914749,515.258,626.519,0.480614 
98,0.14,95,98,46098.2,0,5,101,125,0,5,135,-1.73642,-3.68215,-11.2273,-6.05362,-2.91303,-163.234,2.68812,50449.9,-18.6722,16439.4,-1.10571,-3.05144,-9.96592,-5.42291,-2.28232,0.54344,12.2275,51165.3,-9.13276,9.64146,0.000136542,1.0001,1.26822,342.837,388.154,0.222815,70958,1.16712e-06,0.312556,108.359,85.8761,25.6234,27.0071,0.948766,597.962,675.879,0.544696 
99,2.87,95,99,48574.1,0,5,101,125,0,5,135,-1.83507,-5.5165,-5.4282,-0.3015,-2.46513,-242.854,3.33425,53007.6,-25.6204,16439.4,-0.896731,-4.57817,-3.55152,0.636839,-1.52679,0.641853,17.5266,54072,-11.428,4.59647,0.000185186,1.00011,3.81306,381.646,374.609,0.26835,73877,1.18291e-06,0.319644,107.959,87.3067,25.2914,24.8029,1.01969,582.564,570.057,0.487167 
100,1.83,95,100,48797.6,0,5,101,125,0,5,135,-2.74406,-2.87773,-10.2358,-6.01775,-4.0661,-151.039,-4.25162,53312.2,-33.6768,16439.4,-2.16047,-2.29415,-9.0686,-5.43416,-3.48252,0.595872,4.57511,53974.2,-24.8501,-0.181228,4.84347e-05,1.00025,-25.245,278.307,345.636,0.275186,74234.7,1.18482e-06,0.26177,105.659,84.9975,21.3254,23.586,0.904155,414.183,515.49,0.38999 
101,4.69,95,101,46219.8,0,5,101,125,0,5,135,-3.84201,-6.31115,-14.1544,-3.93154,-1.72505,-181.614,-15.4128,50830.2,-39.2848,16439.4,-3.14029,-5.60943,-12.751,-3.22982,-1.02333,0.504891,-4.79931,51626.2,-28.6713,0.122416,-5.31243e-05,1.0003,-39.2049,251.454,337.316,0.233672,70711.8,1.16577e-06,0.249824,109.319,85.0778,21.4706,24.6249,0.871906,419.844,561.904,0.41664 
102,3.91,95,102,46887.1,0,5,101,125,0,5,135,-1.62634,-0.340586,-8.13469,-1.03172,-3.92784,-152.993,-2.85773,51473.2,-42.8658,16439.4,-1.03521,0.250549,-6.95243,-0.440583,-3.33671,0.396196,6.08318,52143.7,-33.9249,-0.175679,6.66594e-05,1.00035,-34.6267,321.935,394.585,0.277412,72290.5,1.17438e-06,0.30349,108.888,86.8054,22.93,25.1171,0.912924,478.859,584.592,0.450526 
103,0.27,95,103,46648.6,0,5,101,125,0,5,135,-2.07208,-3.59738,-9.40287,-2.86714,-2.28574,-221.173,-30.5793,51441.7,-34.8938,16439.4,-1.21751,-2.74281,-7.69373,-2.01257,-1.43118,0.490407,-17.6539,52411.1,-21.9685,0.401079,-0.000192515,1.00023,-44.0161,359.418,369.522,0.236986,72201.2,1.1739e-06,0.310448,108.014,87.3378,25.6218,25.7258,0.995955,597.884,613.269,0.515825 
104,1.31,95,104,46629.3,0,5,101,125,0,5,135,-0.313141,-3.48573,-5.06086,-0.514669,-0.700946,-226.049,-12.6598,51423.4,-21.2506,16439.4,0.560268,-2.61232,-3.31404,0.35874,0.172463,0.314556,0.550492,52414.2,-8.04024,-0.0605082,6.00151e-06,1.00008,-9.0978,261.472,416.317,0.240622,72082.5,1.17326e-06,0.281211,106.286,88.2133,21.6864,27.0802,0.800821,428.326,679.545,0.459836 
105,2.61,95,105,47530.3,0,5,101,125,0,5,135,-1.63064,-5.72489,-7.6341,-1.59133,-2.59763,-163.1,-9.83852,51915.6,-32.7978,16439.4,-1.00045,-5.09471,-6.37373,-0.961147,-1.96745,0.586054,-0.306969,52630.5,-23.2663,0.0108752,-3.33288e-06,1.00024,-28.2265,339.563,381.611,0.244066,73683.2,1.18188e-06,0.304578,107.511,87.4858,24.6209,25.8218,0.953492,552.085,617.855,0.494166 
106,3.78,95,106,44587.9,0,5,101,125,0,5,135,-4.69173,-2.8301,-6.67596,-2.35179,-3.11122,-222.585,-2.21085,48911.8,-42.8624,16439.4,-3.83171,-1.97008,-4.95591,-1.49176,-2.2512,0.658229,10.797,49887.4,-29.8545,-0.431389,0.000123658,1.00032,-25.0284,306.602,368.766,0.256693,69030.7,1.15646e-06,0.290758,108.753,86.3203,22.9618,24.9033,0.922039,480.188,574.681,0.454243 
107,4.43,95,107,47718.9,0,5,101,125,0,5,135,-2.00892,-4.40752,-7.73788,-4.73532,-6.6266,-248.147,2.27784,52152.1,-32.7906,16439.4,-1.05012,-3.44873,-5.82029,-3.77653,-5.66781,0.705503,16.7796,53239.7,-18.2889,-3.24737,0.000180065,1.00019,-5.16713,271.462,372.706,0.262237,72697.5,1.17658e-06,0.270343,109.5,86.5455,21.4299,24.8956,0.860789,418.252,574.326,0.416558 
108,4.17,95,108,47271.1,0,5,101,125,0,5,135,-2.44406,-4.91437,-9.13548,-4.90168,-2.46856,-213.535,-0.651369,52103.9,-36.924,16439.4,-1.61901,-4.08931,-7.48537,-4.07663,-1.6435,0.604238,11.8276,53039.8,-24.445,-0.675615,0.000127409,1.00025,-17.5064,285.758,371.734,0.277523,72495.6,1.17549e-06,0.277265,108.835,86.6416,21.5743,24.4023,0.884109,423.907,551.789,0.411435 
109,3.39,95,109,44975.5,0,5,101,125,0,5,135,-6.2004,-3.9757,-8.39972,-7.09409,-3.05666,-178.522,-37.838,49620,-38.0979,16439.4,-5.51063,-3.28592,-7.02017,-6.40432,-2.36688,0.714487,-27.4052,50402.4,-27.665,0.452207,-0.000310798,1.0003,-60.6032,300.907,296.356,0.212545,69594.8,1.1596e-06,0.257522,108.494,89.3231,24.334,23.9124,1.01763,539.295,529.855,0.460981 
110,0.92,95,110,45060.8,0,5,101,125,0,5,135,-2.53824,-2.50381,-5.53358,-5.26676,-5.90118,-205.129,-9.23056,49771.4,-28.9399,16439.4,-1.74566,-1.71124,-3.94843,-4.47418,-5.1086,0.767577,2.75715,50670.5,-16.9522,-0.156786,3.10924e-05,1.00018,-17.5854,264.576,278.873,0.202412,69515.6,1.15916e-06,0.234333,106.576,87.4535,23.2587,23.6189,0.984749,492.684,516.93,0.435368 
111,3,95,111,45350,0,5,101,125,0,5,135,-5.5045,-7.11694,-7.5896,-1.60328,-1.06476,-135.679,-28.8372,49907.4,-41.9076,16439.4,-4.98026,-6.5927,-6.54113,-1.07905,-0.54052,0.668529,-20.9081,50502,-33.9785,0.338965,-0.000236631,1.00037,-61.6823,366.967,338.743,0.258792,70350.6,1.16378e-06,0.302954,108.247,89.1849,25.0485,23.8608,1.04978,571.429,527.571,0.471791 
112,1.96,95,112,46285.7,0,5,101,125,0,5,135,-9.45152,-8.29641,-7.67475,-9.29883,-5.02148,-82.5153,-7.29296,50921.9,-45.0878,16439.4,-9.1327,-7.97759,-7.0371,-8.98001,-4.70265,0.813981,-2.47077,51283.6,-40.2656,0.0486472,-2.75314e-05,1.00043,-50.7895,233.491,270.279,0.215143,71056.4,1.16766e-06,0.215141,106.526,84.8118,21.285,22.7329,0.936311,412.617,478.873,0.380685 
113,4.56,95,113,48144.1,0,5,101,125,0,5,135,-1.75514,-9.03489,-10.2797,-4.18793,-0.5394,-185.798,-6.04724,52631.8,-27.0646,16439.4,-1.03726,-8.317,-8.84391,-3.47005,0.178487,0.588459,4.81079,53446.2,-16.2065,-0.328672,5.14327e-05,1.00016,-14.6371,243.341,334.225,0.239919,73397.2,1.18035e-06,0.241611,109.456,86.0717,20.8989,24.2766,0.860867,397.784,546.122,0.394874 
114,1.05,95,114,45359.1,0,5,101,125,0,5,135,-6.44987,-4.68879,-14.7111,-4.81204,-2.04564,-191.267,-38.0749,50420.3,-40.8772,16439.4,-5.71085,-3.94977,-13.233,-4.07302,-1.30663,0.53196,-26.8972,51258.6,-29.6995,0.430103,-0.000299939,1.00031,-62.5367,265.922,341.538,0.217591,70944.6,1.16705e-06,0.25823,106.267,89.3353,22.6914,25.4392,0.891984,468.944,599.682,0.454392 
115,0.53,95,115,44653.9,0,5,101,125,0,5,135,-7.23846,-5.23685,-8.25064,-6.77044,-4.38537,-244.057,-8.9684,49501.4,-41.0429,16439.4,-6.29548,-4.29386,-6.36467,-5.82745,-3.44238,0.757295,5.29429,50571.2,-26.7802,-0.197239,5.98192e-05,1.00029,-26.842,318.107,260.732,0.216086,69512.7,1.15915e-06,0.248454,107.125,90.4089,24.8421,22.3194,1.11303,562.052,461.613,0.43943 
116,2.74,95,116,46111.1,0,5,101,125,0,5,135,-6.00791,-4.34525,-5.77185,-5.11405,-3.80484,-126.567,3.57691,50325.3,-41.1988,16439.4,-5.51889,-3.85622,-4.7938,-4.62502,-3.31581,0.783182,10.9735,50880.1,-33.8022,-0.370861,0.000123227,1.00036,-29.5892,348.661,374.876,0.255246,71279.5,1.16888e-06,0.309296,107.958,86.5525,24.5624,25.2161,0.974077,549.464,589.206,0.486779 
117,0.66,115,117,46423.5,0,5,101,125,0,5,135,-8.34413,-8.70011,-8.68731,-7.94065,-6.93899,-254.356,-11.6532,51415.7,-42.4135,16439.4,-7.36135,-7.71733,-6.72175,-6.95787,-5.95621,0.806371,3.21137,52530.6,-27.5489,-0.107593,3.49321e-05,1.00028,-29.8473,358.969,291.086,0.257164,72248.3,1.17416e-06,0.275305,107.007,90.5386,24.7964,22.1136,1.12132,559.984,453.139,0.42902 
118,0.01,115,118,46612,0,5,101,125,0,5,135,-4.74876,-4.73282,-15.1897,-7.13749,-0.171666,-166.67,-11.2073,51090,-3.58533,16439.4,-4.10478,-4.08884,-13.9017,-6.49351,0.472315,0.505568,-1.46714,51820.5,6.15488,-0.247881,-1.61785e-05,0.999936,5.91872,366.678,435.154,0.24093,72610.7,1.17612e-06,0.339636,107.965,85.98,25.7576,27.7651,0.927696,604.24,714.352,0.558612 
119,4.04,115,119,48838,0,5,101,125,0,5,135,-7.93276,-6.05058,-13.4885,-6.65406,-2.19343,-214.846,-16.2385,53009.3,-21.8783,16439.4,-7.10263,-5.22046,-11.8282,-5.82394,-1.36331,0.622566,-3.68287,53951,-9.32265,0.24767,-3.90091e-05,1.00009,-14.8701,304.804,391.761,0.284931,74933.4,1.18853e-06,0.290745,108.942,86.9995,22.1273,24.8133,0.891752,445.919,570.535,0.424385 
120,3.52,115,120,47642.8,0,5,101,125,0,5,135,-1.06714,-5.34152,-9.56914,-7.30105,-1.26172,-201.353,-2.49785,51820.1,-36.5481,16439.4,-0.289153,-4.56354,-8.01316,-6.52306,-0.483738,0.596774,9.2692,52702.7,-24.781,-0.452862,0.000100491,1.00026,-20.4681,320.491,338.771,0.233897,72609.7,1.17611e-06,0.280164,108.85,89.0293,24.2454,24.6909,0.981959,535.374,564.918,0.467598 
121,4.82,115,121,48369.5,0,5,101,125,0,5,135,-3.61165,-8.35672,-7.9033,-4.58631,-2.46075,-149.014,-7.60267,52667.8,-40.1681,16439.4,-3.03589,-7.78096,-6.75178,-4.01055,-1.88499,0.712251,1.10569,53320.9,-31.4597,-0.0301721,1.18492e-05,1.00032,-36.646,239.179,292.241,0.20081,72847.5,1.17739e-06,0.224549,108.861,87.0248,22.1852,24.2574,0.914576,448.256,545.256,0.419896 
122,2.35,115,122,47783.3,0,5,101,125,0,5,135,-6.51684,-7.54206,-15.9368,-5.40748,-4.61793,-143.756,-4.1108,52223,-48.6855,16439.4,-5.9614,-6.98662,-14.8259,-4.85204,-4.06248,0.595897,4.29031,52853.1,-40.2844,-0.0973942,4.63831e-05,1.00041,-44.0509,252.658,296.938,0.186719,72646.4,1.17631e-06,0.232851,107.115,87.6896,23.4912,25.2124,0.931732,502.585,589.035,0.462545 
123,1.44,115,123,49660.7,0,5,101,125,0,5,135,-7.34752,-4.10077,-8.38902,-6.0391,-4.72916,-194.326,-3.842,54241.8,-18.8697,16439.4,-6.59668,-3.34993,-6.88735,-5.28826,-3.97832,0.736122,7.51443,55093.6,-7.51324,-5.00475,7.79333e-05,1.00007,-1.50146,249.777,370.071,0.233459,76028.5,1.19429e-06,0.254572,105.707,87.3649,21.4129,25.7962,0.830077,417.589,616.632,0.424892 
124,4.95,115,124,47359.8,0,5,101,125,0,5,135,-4.10428,-6.59554,-16.9932,-1.98296,-4.52372,-173.318,-15.8613,51988.2,-47.5311,16439.4,-3.43461,-5.92587,-15.6539,-1.3133,-3.85405,0.481345,-5.73262,52747.9,-37.4024,0.113258,-6.21065e-05,1.00039,-50.6155,244.964,281.488,0.187452,72302.3,1.17445e-06,0.223587,108.966,87.2871,23.0866,24.4802,0.943075,485.422,555.317,0.442075 
125,3.13,115,125,48055.1,0,5,101,125,0,5,135,-3.32194,-1.93101,-6.33196,-0.953313,-4.65132,-180.876,-0.234164,52228.7,-43.4925,16439.4,-2.62307,-1.23214,-4.93422,-0.254443,-3.95245,0.620337,10.3363,53021.5,-32.9221,-0.354342,0.000111384,1.00034,-29.1703,356.467,330.629,0.238568,73463.8,1.1807e-06,0.290763,108.288,90.0073,25.4175,24.2581,1.04779,588.388,545.288,0.479738 
126,2.09,115,126,47690.1,0,5,101,125,0,5,135,-5.78805,-3.20238,-8.86431,-4.24683,-2.9718,-165.883,-4.38641,52277.8,-43.5855,16439.4,-5.14711,-2.56144,-7.58243,-3.60589,-2.33086,0.642806,5.30781,53004.8,-33.8913,-0.150101,5.72186e-05,1.00035,-35.3617,233.665,269.197,0.197814,72938.9,1.17789e-06,0.212926,106.56,85.0577,22.022,23.4553,0.938892,441.683,509.792,0.402855 
127,2.22,115,127,48485.6,0,5,101,125,0,5,135,-6.191,1.05721,-6.85581,-5.3319,0.134295,-212.38,6.63544,52847.1,-41.9454,16439.4,-5.3704,1.8778,-5.21462,-4.5113,0.95489,0.57479,19.0469,53777.9,-29.5339,-1.16184,0.000202346,1.0003,-16.3937,228.742,265.879,0.174592,74172.8,1.18449e-06,0.208201,106.868,84.1553,22.9592,24.5558,0.93498,480.078,558.755,0.437255 
128,0.79,115,128,48569.5,0,5,101,125,0,5,135,-5.85068,-4.36116,-12.0641,-4.23865,-5.07708,-248.3,-20.6614,53322.3,-44.4434,16439.4,-4.8913,-3.40178,-10.1453,-3.27927,-4.1177,0.607309,-6.15076,54410.5,-29.9328,0.146203,-6.46004e-05,1.0003,-42.0701,307.468,268.116,0.223814,75032.5,1.18905e-06,0.241469,106.722,92.8679,24.1079,22.247,1.08365,529.317,458.622,0.414368 
129,1.57,115,129,46696,0,5,101,125,0,5,135,-2.68993,-4.82806,-11.6014,-4.84984,-5.10327,-209.917,-17.7543,51132.1,-33.0673,16439.4,-1.87885,-4.01698,-9.97927,-4.03876,-4.29219,0.587737,-5.48681,52052.1,-20.7998,0.180211,-6.02378e-05,1.00022,-30.4465,265.981,387.498,0.268861,71148.1,1.16817e-06,0.274825,105.931,87.5959,21.0443,25.1468,0.836856,403.336,585.976,0.416168 
130,3.26,115,130,46146.2,0,5,101,125,0,5,135,-2.33534,-4.56165,-11.4851,-3.45343,-1.36221,-132.76,-10.5496,50381.6,-33.3971,16439.4,-1.82238,-4.0487,-10.4592,-2.94047,-0.849254,0.48016,-2.79109,50963.4,-25.6387,0.0831735,-3.12962e-05,1.00027,-33.5575,338.569,321.355,0.234683,70526.1,1.16475e-06,0.283193,108.293,90.9241,24.858,24.0303,1.03444,562.768,535.096,0.471137 
131,4.3,115,131,47243.6,0,5,101,125,0,5,135,-6.46897,-7.09464,-15.4759,-3.04073,-0.616365,-147.64,4.06311,51481.7,-36.6455,16439.4,-5.89852,-6.52419,-14.335,-2.47028,-0.0459135,0.510314,12.6912,52128.8,-28.0174,-0.606372,0.0001391,1.00029,-20.9297,261.162,361.551,0.255114,72342.6,1.17467e-06,0.261593,109.347,86.5345,21.2059,24.7122,0.858113,409.555,565.896,0.409835 
132,3.65,115,132,45989.6,0,5,101,125,0,5,135,-6.88907,-8.67683,-6.85632,-7.82343,-0.529571,-251.707,-13.6718,50410,-33.7545,16439.4,-5.91652,-7.70428,-4.91123,-6.85088,0.442977,0.803078,1.038,51513.2,-19.0447,-0.0475806,1.15143e-05,1.0002,-21.8157,302.445,338.847,0.236157,70603.1,1.16518e-06,0.274747,108.805,88.4305,23.4944,24.6094,0.954693,502.723,561.198,0.45586 
133,1.7,115,133,47054.3,0,5,101,125,0,5,135,-1.27728,-2.95984,-5.582,-0.365996,-2.63901,-207.271,-20.3254,51905.3,-41.5814,16439.4,-0.476424,-2.15898,-3.9803,0.434857,-1.83816,0.503642,-8.21245,52813.7,-29.4685,0.188468,-8.88642e-05,1.0003,-43.5747,267.533,346.057,0.266596,72263.5,1.17424e-06,0.259123,105.763,85.3706,21.1334,23.8313,0.88679,406.758,526.271,0.394018 
134,1.18,115,134,46657.5,0,5,101,125,0,5,135,-1.01296,-4.52774,-13.2012,-2.44113,-1.86286,-204.114,-18.3864,51335.4,-22.0609,16439.4,-0.224298,-3.73908,-11.6239,-1.65247,-1.0742,0.365299,-6.458,52230.1,-10.1325,0.346888,-7.06595e-05,1.00011,-18.617,252.601,365.542,0.220413,71549.4,1.17036e-06,0.259637,106.115,85.7489,21.994,26.2141,0.839013,440.56,636.769,0.452559 
135,0.4,115,135,47918.2,0,5,101,125,0,5,135,-2.78239,-1.45775,-10.9114,-4.28197,-6.50187,-234.326,-16.2938,52493.7,-32.7281,16439.4,-1.877,-0.552359,-9.1006,-3.37658,-5.59648,0.556134,-2.59975,53520.7,-19.0341,0.102189,-2.77577e-05,1.00019,-25.4407,346.1,310.79,0.224653,73531.1,1.18106e-06,0.27769,107.604,89.6121,25.579,24.0229,1.06477,595.889,534.768,0.47796 
136,2.48,115,136,46144.1,0,5,101,125,0,5,135,-3.12589,-3.61137,-9.26323,-2.00639,-2.18682,-120.414,5.56041,50545.4,-44.1849,16439.4,-2.66064,-3.14611,-8.33272,-1.54113,-1.72156,0.521168,12.5974,51073.2,-37.1479,-0.393913,0.000140925,1.0004,-31.9801,299.896,341.646,0.22181,71372.4,1.16939e-06,0.273724,107.569,86.8647,23.9232,25.2398,0.947838,521.241,590.316,0.474353 
137,0.14,115,137,46447.2,0,5,101,125,0,5,135,-3.01542,-5.35079,-7.78374,-2.25702,-3.10826,-82.4008,-15.4765,50583.7,-33.2014,16439.4,-2.69704,-5.03241,-7.14697,-1.93864,-2.78988,0.63545,-10.661,50944.8,-28.3859,0.238373,-0.000119595,1.0003,-44.7242,393.668,455.106,0.265768,72018.9,1.17291e-06,0.360874,108.097,87.5578,25.7614,27.4508,0.938458,604.417,698.267,0.553877 
138,2.87,115,138,46248,0,5,101,125,0,5,135,-1.79328,-0.280495,-8.58205,-1.7041,-2.81275,-126.084,-19.6599,50173.1,-28.3055,16439.4,-1.30612,0.206667,-7.60773,-1.21694,-2.32558,0.378945,-12.2915,50725.7,-20.9372,0.328509,-0.000138484,1.00022,-37.4161,404.147,391.204,0.286999,70670.9,1.16555e-06,0.341147,107.886,89.2862,25.4413,24.8026,1.02575,589.492,570.04,0.497349 
139,1.83,115,139,47450.8,0,5,101,125,0,5,135,-4.43473,-7.11648,-10.4811,-0.443383,-2.82259,-109.377,-18.1624,51956.3,-42.9205,16439.4,-4.01212,-6.69387,-9.63584,-0.0207727,-2.39998,0.576681,-11.7705,52435.7,-36.5285,0.211681,-0.000128287,1.00038,-55.6047,255.293,308.548,0.241256,72801,1.17714e-06,0.238425,105.912,85.5153,21.3783,23.2809,0.918276,416.24,502.24,0.388417 
140,4.69,115,140,47328.5,0,5,101,125,0,5,135,-3.15043,-4.34511,-9.66596,-4.56478,-6.63605,-147.286,-19.2876,51949.1,-37.2107,16439.4,-2.58135,-3.77602,-8.5278,-3.9957,-6.06696,0.658175,-10.6802,52594.7,-28.6034,0.237316,-0.000116052,1.0003,-45.0043,257.921,336.786,0.2316,71654.1,1.17093e-06,0.251704,108.884,86.5958,21.8116,24.6858,0.88357,433.286,564.686,0.422435 
141,3.91,115,141,48055,0,5,101,125,0,5,135,-1.16105,-4.2148,-13.3481,-2.04717,-6.86322,-162.366,-8.38627,52080.5,-36.0687,16439.4,-0.533703,-3.58745,-12.0934,-1.41982,-6.23587,0.49337,1.10238,52792.1,-26.5801,-0.035799,1.19322e-05,1.00027,-30.7937,335.201,406.994,0.309452,73655.6,1.18173e-06,0.312556,108.981,87.4121,22.6258,24.66,0.917509,466.238,563.509,0.433746 
142,0.27,115,142,47288.8,0,5,101,125,0,5,135,-8.3054,-2.96948,-5.66724,-6.01262,-3.04871,-138.533,-8.3391,51724.6,-23.0733,16439.4,-7.77014,-2.43421,-4.59672,-5.47736,-2.51344,0.798318,-0.243233,52331.8,-14.9775,0.0133526,-2.65595e-06,1.00016,-18.2162,354.642,369.148,0.234936,72607.6,1.1761e-06,0.307646,107.802,85.9623,25.5185,25.7837,0.989714,593.075,616.034,0.513941 
143,1.31,115,143,44506.3,0,5,101,125,0,5,135,-4.64596,-2.91731,-11.0766,-6.46069,-2.28347,-220.303,-21.5178,49069,-10.7315,16439.4,-3.79475,-2.0661,-9.37415,-5.60948,-1.43226,0.579196,-8.64326,50034.6,2.143,1.42354,-9.87215e-05,0.999977,-6.07167,236.513,359.792,0.225389,69206.5,1.15744e-06,0.252031,105.842,85.1941,21.0842,25.7934,0.817425,404.866,616.494,0.431639 
144,2.61,115,144,47380.9,0,5,101,125,0,5,135,-3.4549,-1.67511,-10.246,-4.43053,-3.878,-180.371,-15.3986,51785.9,-41.0061,16439.4,-2.75798,-0.978187,-8.85216,-3.73361,-3.18108,0.546114,-4.85766,52576.5,-30.4652,0.11729,-5.27984e-05,1.00031,-41.4159,360.402,391.876,0.258174,72461.7,1.17531e-06,0.319754,107.444,89.2759,24.9031,25.6567,0.97063,564.816,609.977,0.49941 
145,3.78,115,145,46378.3,0,5,101,125,0,5,135,-4.77055,-0.808143,-11.685,-0.29095,-0.232465,-250.123,-11.7358,50727.8,-42.8302,16439.4,-3.80412,0.158282,-9.75218,0.675476,0.73396,0.186545,2.88137,51824.1,-28.213,-0.0930246,3.17698e-05,1.0003,-30.9742,297.628,347.183,0.246841,71509.2,1.17014e-06,0.274713,108.531,87.8798,22.9228,24.4812,0.936342,478.556,555.364,0.440573 
146,4.43,115,146,47403,0,5,101,125,0,5,135,-5.0397,-4.22296,-4.70654,-3.4159,1.90372,-166.031,-4.37643,51649.8,-12.3175,16439.4,-4.39819,-3.58145,-3.42352,-2.77439,2.54523,0.705689,5.32644,52377.5,-2.61467,2.43345,5.81071e-05,1.00003,2.18884,249.182,340.056,0.240046,71827.7,1.17187e-06,0.248401,109.045,86.3985,21.1526,24.4804,0.864063,407.499,555.328,0.405936 
147,4.17,115,147,47459.8,0,5,101,125,0,5,135,-1.46502,-1.51788,-8.15152,-6.51667,-3.54824,-145.75,-7.17391,51740.8,-10.2873,16439.4,-0.901867,-0.954734,-7.02522,-5.95352,-2.98509,0.605777,1.34372,52379.6,-1.76964,-1.72306,1.4659e-05,1.00002,-0.779846,282.823,374.012,0.282035,72136.9,1.17355e-06,0.277139,109.117,86.409,21.3487,24.3617,0.876321,415.089,549.958,0.40713 
148,3.39,115,148,46307.3,0,5,101,125,0,5,135,-4.03438,-6.54464,-5.34267,-5.50873,-0.521625,-256.609,-8.25778,50778.8,-27.4341,16439.4,-3.04289,-5.55315,-3.3597,-4.51724,0.469862,0.79006,6.73846,51903.5,-12.4379,-0.823067,7.41811e-05,1.00013,-8.18701,303.763,307.94,0.214133,70439.6,1.16428e-06,0.262691,107.977,89.6829,24.3856,24.344,1.00171,541.582,549.158,0.468409 
149,0.92,115,149,47385.9,0,5,101,125,0,5,135,-4.77806,-4.80877,-7.06871,-7.73857,-3.6858,-233.301,-27.9878,52227.8,-28.3046,16439.4,-3.87664,-3.90734,-5.26586,-6.83714,-2.78437,0.767731,-14.3537,53250.4,-14.6705,0.449138,-0.000154053,1.00015,-31.9583,298.873,311.618,0.229697,72356.3,1.17474e-06,0.259784,106.709,91.5677,23.5517,23.7913,0.989928,505.176,524.505,0.438181 
150,3,115,150,45851.4,0,5,101,125,0,5,135,-1.50783,-8.31678,-8.90929,-0.556359,-3.62738,-165.279,-10.588,50275.8,-21.7276,16439.4,-0.869225,-7.67817,-7.63208,0.0822448,-2.98877,0.600122,-0.92914,51000.2,-12.0688,0.0602881,-1.04106e-05,1.00013,-15.4117,361.187,337.08,0.249602,70049.9,1.16212e-06,0.300248,108.12,90.342,25.1651,24.0944,1.04444,576.761,537.955,0.479312 
151,1.96,115,151,47467,0,5,101,125,0,5,135,-4.20952,-7.21736,-8.32404,-3.79672,-0.630556,-187.623,5.33854,51995.1,-29.7046,16439.4,-3.48458,-6.49242,-6.87416,-3.07178,0.0943832,0.65332,16.3032,52817.4,-18.7399,-2.6361,0.000176353,1.00019,-6.18461,255.99,297.506,0.235443,72033.4,1.17299e-06,0.235269,106.06,84.1765,21.5875,23.0909,0.934891,424.426,494.076,0.390394 
152,4.56,115,152,45985.1,0,5,101,125,0,5,135,-2.43627,-4.13732,-4.26243,-1.61692,-2.91703,-144.813,-7.26377,50547.1,-24.6893,16439.4,-1.87674,-3.57779,-3.14338,-1.05739,-2.35751,0.738331,1.19909,51181.8,-16.2264,-0.0656224,1.33873e-05,1.00017,-18.2726,230.575,317.579,0.217974,70653.3,1.16545e-06,0.232187,109.185,85.7072,21.0788,24.5269,0.859412,404.658,557.442,0.407521 
153,1.05,115,153,44480.7,0,5,101,125,0,5,135,-3.80321,-2.68542,-10.8764,-2.80902,-5.90935,-216.518,-18.7871,49245.1,-14.7083,16439.4,-2.96663,-1.84884,-9.20325,-1.97244,-5.07277,0.56308,-6.13378,50194.1,-2.05502,0.713246,-6.98342e-05,1.00002,-8.59981,263.752,335.737,0.216132,68573.2,1.1539e-06,0.257887,106.268,91.7634,22.6148,25.2325,0.89626,465.785,589.972,0.454298 
154,0.53,115,154,42986.9,0,5,101,125,0,5,135,-5.23977,-6.23789,-0.0992678,-9.77877,-3.15288,-180.28,-22.5,48202.3,-38.0061,16439.4,-4.5432,-5.54132,1.29386,-9.08221,-2.45631,1.06365,-11.9645,48992.4,-27.4705,0.266297,-0.000139568,1.0003,-44.9291,332.291,271.581,0.228779,67599.2,1.14841e-06,0.261584,107.459,90.4904,24.86,22.2629,1.11666,562.862,459.28,0.442733 
155,2.74,115,155,45304.4,0,5,101,125,0,5,135,-8.99065,-6.45314,-15.6146,-7.94421,-4.42818,-156.874,-10.1967,49819.7,-38.7101,16439.4,-8.38452,-5.84701,-14.4024,-7.33808,-3.82205,0.638077,-1.02897,50507.2,-29.5424,0.0282067,-1.16417e-05,1.00032,-36.4798,344.69,349.636,0.246363,69716.4,1.16028e-06,0.299199,107.894,88.3318,24.7109,24.6321,1.0032,556.128,562.232,0.48193 
