cyc,time,y2 piezo,cyc,ROIsum,fBg,fA1,fWidth1,fCtr1,fA2,fWidth2,fCtr2,box1,box2,box3,box4,box5,box6,box7,box8,box9,Nfit,BZ-2,BZ-1,BZ0,BZ1,BZ2,Excited,c5,c7,c9,fraction95,fraction75,fraction97,sum95,Tx,Ty,LiToTF,LiNfit,TFcalc,ToTFcalc,G_ctr_x,G_ctr_y,G_sigma_x,G_sigma_y,G_ar,G_Tx,G_Ty,G_ToTFcalc
0,6.73,75,0,40833.2,0,5,101,125,0,5,135,-3.55786,-4.94591,-9.32357,-10.0004,-1.94234,-66.3836,-5.6666,44849,-35.7941,16439.4,-3.30137,-4.68941,-8.81059,-9.74392,-1.68585,0.687912,-1.78714,45140,-31.9146,0.0445842,-2.2624e-05,1.00038,-40.0847,338.688,368.846,0.288599,65557.6,1.13673e-06,0.310931,107.218,87.7477,23.2113,23.9856,0.967716,490.678,533.107,0.449933 
1,0.01,75,1,41194.2,0,5,101,125,0,5,135,-3.2378,-4.02269,-7.9307,-5.60051,-0.129436,-99.194,2.04194,44947.5,-22.0265,16439.4,-2.85453,-3.63942,-7.16417,-5.21725,0.25383,0.615275,7.83884,45382.3,-16.2296,-0.673633,9.86926e-05,1.00019,-11.6367,329.414,392.486,0.231292,65202.5,1.13468e-06,0.316892,108.579,86.118,24.7315,26.7532,0.924431,557.055,663.228,0.535684 
2,4.63,75,2,40793.4,0,5,101,125,0,5,135,-1.35605,-4.36925,-1.79128,-5.4692,-4.8436,-111.686,-4.33577,44504.1,-31.7118,16439.4,-0.924517,-3.93772,-0.928212,-5.03766,-4.41207,0.939094,2.19115,44993.6,-25.1849,-0.0781697,2.78274e-05,1.0003,-28.0307,217.794,292.405,0.221089,63782.1,1.12638e-06,0.224043,109.462,85.6784,20.3518,23.4055,0.869529,377.227,507.632,0.388501 
3,5.89,75,3,40716.1,0,5,101,125,0,5,135,-4.58979,-3.64736,-6.49125,0.821189,0.90695,-70.1956,-7.35862,44767.1,-31.7055,16439.4,-4.31857,-3.37614,-5.94881,1.09241,1.17817,0.476933,-3.25639,45074.8,-27.6033,0.0895096,-4.12841e-05,1.00033,-36.3803,275.322,274.118,0.198426,64318.8,1.12953e-06,0.243217,108.394,88.1208,23.8807,23.6348,1.0104,519.387,517.627,0.459048 
4,2.53,75,4,39870.2,0,5,101,125,0,5,135,-2.70852,-3.89541,-9.01223,-6.39862,-4.54282,-58.4452,-0.61335,43242.5,-36.0054,16439.4,-2.4827,-3.66959,-8.56059,-6.1728,-4.317,0.66033,2.80219,43498.6,-32.5899,-0.0771832,3.68101e-05,1.00041,-36.3057,232.102,300.477,0.194972,63161.3,1.12271e-06,0.235222,107.365,83.074,22.1076,24.9375,0.886521,445.124,576.259,0.45111 
5,7.15,75,5,40541.1,0,5,101,125,0,5,135,-2.6781,-5.54387,-5.04495,-4.39111,-4.07438,-80.0693,-0.448423,44422,-29.8506,16439.4,-2.36873,-5.2345,-4.42621,-4.08174,-3.76501,0.777311,4.23083,44773,-25.1713,-0.162882,5.39943e-05,1.00031,-25.9747,272.416,336.355,0.261778,64515.9,1.13068e-06,0.267717,106.698,85.912,21.4541,23.6472,0.907256,419.198,518.172,0.4122 
6,3.79,75,6,38941.1,0,5,101,125,0,5,135,-2.85285,-2.5378,-7.00033,-0.480293,-3.75174,-118.179,-3.51664,42579.3,-30.7634,16439.4,-2.39624,-2.08118,-6.08709,-0.0236736,-3.29513,0.561553,3.38973,43097.3,-23.8571,-0.134306,4.49425e-05,1.0003,-25.2388,269.093,305.093,0.217475,61649.9,1.11368e-06,0.25728,108.663,88.1559,22.7912,24.0477,0.947749,473.078,535.871,0.452101 
7,3.37,75,7,39046.8,0,5,101,125,0,5,135,-2.09904,-0.153476,-4.11279,-0.851615,-6.29621,-125.623,-5.89836,42923.2,-36.6436,16439.4,-1.61366,0.331908,-3.14202,-0.366232,-5.81082,0.703606,1.44308,43473.8,-29.3021,-0.0427965,1.89677e-05,1.00037,-33.7195,276.471,261.571,0.199715,61766.4,1.11438e-06,0.241316,108.274,89.3033,23.8524,23.018,1.03625,518.159,490.962,0.452607 
8,8.41,75,8,42054.8,0,5,101,125,0,5,135,-5.17174,-2.29121,-11.0499,-4.16895,-4.44153,-111.359,-6.83865,45849.5,-30.6848,16439.4,-4.74147,-1.86094,-10.1894,-3.73868,-4.01126,0.584814,-0.330801,46337.6,-24.177,0.0112735,-4.07941e-06,1.00028,-29.3432,243.689,285.7,0.207561,65751.9,1.13785e-06,0.231893,106.848,87.6826,22.0668,23.6929,0.931369,443.484,520.174,0.422111 
9,8.83,75,9,40654.3,0,5,101,125,0,5,135,-5.15847,-3.34936,-6.7973,-3.21134,-2.55762,-159.177,-14.5829,44479.2,-39.8558,16439.4,-4.54344,-2.73433,-5.56724,-2.59631,-1.94259,0.679747,-5.28059,45176.9,-30.5535,0.125894,-6.67971e-05,1.00037,-41.9448,265.292,282.472,0.207224,65125.3,1.13423e-06,0.241351,107.733,87.1588,23.0355,23.5695,0.977342,483.274,514.772,0.439748 
10,2.11,75,10,38158.4,0,5,101,125,0,5,135,-2.64645,-1.72189,-7.19255,-6.24795,-1.33825,-124.556,-10.2072,42082.2,-26.9517,16439.4,-2.16519,-1.24063,-6.23003,-5.76669,-0.856992,0.616838,-2.92816,42628.1,-19.6727,0.110349,-3.92534e-05,1.00025,-26.5353,201.306,249.644,0.197598,60791.5,1.10849e-06,0.202236,106.442,84.0094,20.4215,22.6032,0.903478,379.815,473.425,0.382543 
11,5.05,75,11,40042.8,0,5,101,125,0,5,135,-2.69414,-6.00117,-6.59886,-4.43187,-5.74687,-130.638,-3.3333,43763,-24.7974,16439.4,-2.18938,-5.49641,-5.58934,-3.9271,-5.2421,0.750969,4.3012,44335.6,-17.1629,-0.26397,5.54339e-05,1.00021,-16.2943,213.245,287.422,0.203832,64090.6,1.12819e-06,0.219441,109.408,85.1766,20.7823,23.9096,0.8692,393.355,529.736,0.404613 
12,7.57,75,12,39704.1,0,5,101,125,0,5,135,-6.91829,-5.63755,-6.45764,-1.88283,-0.903956,-189.858,-0.778626,43508.8,-31.6737,16439.4,-6.18472,-4.90397,-4.9905,-1.14926,-0.170384,0.713171,10.3167,44340.9,-20.5784,-0.717559,0.000132935,1.00025,-14.3774,238.369,319.307,0.24176,62721.7,1.1201e-06,0.246305,105.95,85.6087,20.6452,23.6616,0.872521,388.185,518.801,0.400649 
13,1.27,75,13,39386.1,0,5,101,125,0,5,135,-2.39163,-4.73611,-6.5204,-3.50286,-4.67876,-137.914,-6.27936,43426.9,-37.9716,16439.4,-1.85876,-4.20323,-5.45465,-2.96999,-4.14589,0.707251,1.78035,44031.4,-29.9119,-0.0521885,2.31045e-05,1.00037,-34.1139,234.606,361.435,0.227936,62504.2,1.1188e-06,0.260274,105.916,88.4093,20.8891,25.701,0.812772,397.408,612.088,0.440831 
14,9.67,75,14,37911.9,0,5,101,125,0,5,135,-7.52404,-4.14531,-10.6774,-1.95523,-4.13269,-93.325,-16.197,41790.5,-26.8507,16439.4,-7.16345,-3.78473,-9.95621,-1.59464,-3.7721,0.621021,-10.7431,42199.5,-21.3968,0.294983,-0.000145494,1.00028,-36.4193,310.153,339.599,0.271399,61129,1.11054e-06,0.292239,108.622,86.4676,22.626,23.4831,0.963502,466.244,511.002,0.439527 
15,0.43,75,15,39857.3,0,5,101,125,0,5,135,-2.62484,-5.25888,-9.92796,-4.72749,-5.56688,-104.826,5.43955,44138.3,-42.8557,16439.4,-2.21982,-4.85386,-9.11791,-4.32247,-5.16186,0.644885,11.5656,44597.7,-36.7297,-0.355754,0.000148167,1.00045,-32.51,323.462,288.386,0.233129,64636,1.13138e-06,0.269954,107.64,89.5186,24.3506,22.8018,1.06792,540.03,481.782,0.450844 
16,2.95,75,16,39686.5,0,5,101,125,0,5,135,-3.86528,-2.55829,-7.31217,-1.66371,-0.705348,-45.2395,7.62311,43582.9,-36.4728,16439.4,-3.69049,-2.3835,-6.96258,-1.48892,-0.530552,0.537555,10.2669,43781.2,-33.829,-0.33853,0.000133985,1.00042,-30.3279,310.553,308.403,0.238487,63830.6,1.12666e-06,0.274685,108.198,87.9204,23.6743,23.405,1.01151,510.451,507.611,0.451803 
17,5.47,75,17,39624.6,0,5,101,125,0,5,135,-3.39176,-6.03524,-11.7456,-4.30386,-8.39392,-63.1966,-9.02571,43457.5,-27.435,16439.4,-3.14759,-5.79106,-11.2572,-4.05968,-8.14974,0.652611,-5.3325,43734.4,-23.7418,0.157661,-6.96786e-05,1.00029,-33.8226,238.788,276.915,0.198959,62733.5,1.12017e-06,0.22956,109.151,86.811,22.2257,23.7278,0.936695,449.892,521.706,0.432498 
18,9.25,75,18,39367,0,5,101,125,0,5,135,-5.32148,-0.720074,-5.06595,-2.09306,0.0670359,-83.1803,-11.2018,43151,-35.0203,16439.4,-5.00009,-0.398682,-4.42316,-1.77167,0.388428,0.605257,-6.34071,43515.6,-30.1592,0.149082,-8.32705e-05,1.00038,-42.5317,309.3,318.31,0.236728,63920.7,1.12719e-06,0.278367,108.129,86.8923,23.6742,23.8225,0.993772,510.443,525.882,0.459643 
19,4.21,75,19,41413,0,5,101,125,0,5,135,-2.83467,-5.90238,-8.99639,-2.50403,-6.81191,-145.691,-4.96203,45496.6,-29.5125,16439.4,-2.27175,-5.33946,-7.87055,-1.94111,-6.24899,0.667515,3.55213,46135.2,-20.9984,-0.164101,4.39945e-05,1.00025,-21.6459,287.894,357.629,0.279649,65984.7,1.13919e-06,0.281666,109.173,87.1629,21.6032,23.8441,0.906019,425.045,526.836,0.415391 
20,6.31,75,20,41928.7,0,5,101,125,0,5,135,-2.92417,-3.33077,-8.8235,-2.30645,-1.17727,-138.841,3.83586,45596.6,-40.2181,16439.4,-2.38772,-2.79432,-7.7506,-1.77,-0.640819,0.49486,11.9497,46205.1,-32.1043,-0.449652,0.000147763,1.00038,-26.5754,312.994,304.11,0.221472,66858.5,1.1442e-06,0.269638,107.886,88.3679,24.4245,23.857,1.02379,543.313,527.405,0.467837 
21,7.99,75,21,36884.8,0,5,101,125,0,5,135,-0.384193,-2.02398,-5.6848,-4.78759,-5.00377,-132.995,-1.99491,40723.1,-35.7183,16439.4,0.129675,-1.51012,-4.65707,-4.27372,-4.4899,0.685357,5.77734,41306.1,-27.9461,-0.208133,7.99175e-05,1.00037,-27.7579,237.422,314.896,0.239847,59221.7,1.09886e-06,0.248829,106.511,87.3823,20.627,23.5413,0.876204,387.498,513.538,0.405954 
22,1.69,75,22,39597.5,0,5,101,125,0,5,135,-4.12988,-7.7036,-2.37071,-5.51514,-5.28012,-161.438,-4.93985,43411.3,-33.7544,16439.4,-3.50612,-7.07984,-1.12318,-4.89138,-4.65636,0.947162,4.49461,44118.9,-24.3199,-0.182047,5.82109e-05,1.0003,-24.6893,239.128,327.493,0.258641,63646.1,1.12557e-06,0.248624,105.821,87.2012,20.1821,23.4129,0.862009,370.964,507.951,0.385658 
23,10.09,75,23,42911.7,0,5,101,125,0,5,135,-3.47585,-0.920776,-3.13817,-6.4938,0.490354,-135.341,-13.8906,46555.8,-26.3397,16439.4,-2.95292,-0.397845,-2.0923,-5.97086,1.01329,0.79883,-5.98131,47149,-18.4304,0.212875,-7.24965e-05,1.00021,-28.0978,314.011,366.93,0.291348,68561.9,1.15384e-06,0.294184,109.122,87.3632,22.2866,23.8668,0.933792,452.363,527.839,0.423497 
24,0.85,75,24,41228.5,0,5,101,125,0,5,135,-4.62489,-7.10046,-8.37485,-8.27535,-2.60882,-169.739,-13.5143,45635.1,-35.834,16439.4,-3.96905,-6.44463,-7.06318,-7.61952,-1.95298,0.738878,-3.59475,46379,-25.9145,0.103619,-4.42923e-05,1.0003,-34.6921,295.363,273.22,0.232619,67246.8,1.14641e-06,0.247796,106.789,89.5344,23.2639,22.1714,1.04927,492.904,455.512,0.413324 
25,6.73,95,25,43195.9,0,5,101,125,0,5,135,-4.51828,-8.72446,-3.22357,-6.81833,-4.95616,-100.126,-3.12214,46903.1,-39.4495,16439.4,-4.13141,-8.33759,-2.44984,-6.43147,-4.5693,0.905483,2.72922,47341.9,-33.5982,-0.0726078,3.29413e-05,1.00039,-37.5886,306.652,359.546,0.269923,68715,1.15469e-06,0.287563,107.001,87.0772,22.5876,24.1881,0.933831,464.663,542.145,0.43467 
26,0.01,95,26,41034.2,0,5,101,125,0,5,135,-2.60793,-6.65397,-3.30158,-2.40644,-6.66136,-118.549,-5.53172,44590.4,-22.3204,16439.4,-2.14988,-6.19593,-2.38548,-1.94839,-6.20331,0.87367,1.39626,45110,-15.3925,-0.0817736,1.76867e-05,1.00019,-17.0747,364.352,427.526,0.257176,65516.8,1.13649e-06,0.347276,108.283,85.8188,25.0614,26.8774,0.932432,572.017,669.405,0.544479 
27,4.63,95,27,39002,0,5,101,125,0,5,135,-0.885614,-4.4476,-3.64312,0.318032,-3.30172,-135.025,-6.32361,43126.2,-39.0486,16439.4,-0.363905,-3.9259,-2.5997,0.83974,-2.78002,0.705576,1.56723,43718,-31.1578,-0.0437503,2.04845e-05,1.00039,-35.8221,210.741,290.474,0.208402,62450.9,1.11848e-06,0.221207,109.486,85.6544,20.4741,23.8562,0.858227,381.774,527.372,0.401174 
28,5.89,95,28,38985.6,0,5,101,125,0,5,135,-2.56672,-4.19412,-3.384,-3.64615,-1.04012,-95.9787,-7.12166,42546.9,-29.2847,16439.4,-2.19588,-3.82328,-2.64232,-3.27531,-0.669281,0.790393,-1.51267,42967.6,-23.6757,0.0505512,-2.01175e-05,1.0003,-29.9235,326.829,324.676,0.243978,62624,1.11952e-06,0.290975,108.258,88.148,24.0856,23.7956,1.01219,528.34,524.693,0.470305 
29,2.53,95,29,39763.8,0,5,101,125,0,5,135,-5.24328,-3.08471,-6.14197,-5.75785,-3.10457,-92.902,-14.2232,43760.2,-31.2995,16439.4,-4.88433,-2.72576,-5.42406,-5.3989,-2.74562,0.74389,-8.794,44167.4,-25.8703,0.220742,-0.000113788,1.00032,-39.8384,273.284,327.002,0.212973,64191.7,1.12878e-06,0.264833,107.388,86.6164,23.1807,25.0857,0.92406,489.384,583.128,0.473257 
30,7.15,95,30,36775.6,0,5,101,125,0,5,135,-4.07769,-1.53682,-4.89223,-4.24631,-2.34748,-82.4104,-12.9691,40674.8,-34.405,16439.4,-3.75927,-1.2184,-4.2554,-3.9279,-2.02906,0.719856,-8.15304,41036,-29.5889,0.18674,-0.000113544,1.00039,-43.6598,247.586,326.146,0.248627,59267,1.09914e-06,0.258532,106.639,86.3946,20.8257,23.6722,0.879757,395.002,519.264,0.41204 
31,3.79,95,31,42530.7,0,5,101,125,0,5,135,-0.10031,-3.17577,-9.63273,-5.52894,-1.44668,-149.587,-7.71159,46404.7,-35.3437,16439.4,0.477664,-2.59779,-8.47678,-4.95096,-0.868708,0.483645,1.03028,47060.3,-26.6018,-0.0333512,1.251e-05,1.00031,-30.8919,286.328,341.936,0.235631,67963.1,1.15047e-06,0.271976,109.215,88.7898,22.8436,24.6963,0.924981,475.256,565.167,0.450483 
32,3.37,95,32,35916.9,0,5,101,125,0,5,135,-3.71764,-2.71103,-6.81307,-1.51556,-1.12969,-105.218,-9.73921,39557.6,-31.8931,16439.4,-3.3111,-2.30449,-5.99999,-1.10902,-0.723152,0.553829,-3.5903,40018.8,-25.7442,0.104117,-5.12685e-05,1.00035,-34.4833,274.551,271.757,0.200849,58009,1.09131e-06,0.250296,108.267,90.3336,23.7321,23.4503,1.01202,512.945,509.577,0.468481 
33,8.41,95,33,41691.9,0,5,101,125,0,5,135,-1.19142,-7.31488,-10.2032,-7.16172,0.451248,-144.647,-21.9583,45550.3,-34.4111,16439.4,-0.632533,-6.756,-9.08547,-6.60284,1.01013,0.588272,-13.5052,46184.3,-25.9579,0.302435,-0.000167124,1.00031,-44.6547,262.346,277.648,0.19232,66711.8,1.14336e-06,0.236048,107.666,86.5198,23.646,24.1078,0.980845,509.228,538.551,0.458021 
34,8.83,95,34,41886.4,0,5,101,125,0,5,135,-2.62823,-3.69034,-8.26569,-4.48695,-3.56596,-122.305,-0.774337,45438.5,-40.8338,16439.4,-2.15566,-3.21778,-7.32056,-4.01439,-3.0934,0.630308,6.37318,45974.5,-33.6863,-0.187169,7.92076e-05,1.0004,-34.0504,301.424,307.212,0.216796,66405.4,1.14161e-06,0.266557,108.289,87.0887,24.1626,24.2121,0.997957,531.725,543.223,0.470776 
35,2.11,95,35,36717.9,0,5,101,125,0,5,135,-5.47294,-5.63286,-10.793,-2.0678,-1.75893,-81.7753,-11.4804,40842,-31.237,16439.4,-5.15698,-5.3169,-10.1611,-1.75184,-1.44297,0.573597,-6.70146,41200.4,-26.4581,0.174285,-9.29545e-05,1.00035,-38.4512,208.248,254.685,0.191773,59243.7,1.099e-06,0.209553,106.451,84.7225,21.0059,23.0915,0.909683,401.866,494.101,0.405463 
36,5.05,95,36,37611,0,5,101,125,0,5,135,-6.91023,-3.19837,-9.66964,-5.97841,-4.09601,-104.306,-11.966,41437.5,-28.752,16439.4,-6.50721,-2.79536,-8.8636,-5.57539,-3.69299,0.676918,-5.8703,41894.6,-22.6563,0.177576,-8.00754e-05,1.00029,-33.0579,227.501,286.922,0.198715,60674.7,1.10778e-06,0.230633,109.256,86.4667,21.6984,24.1354,0.899029,428.799,539.785,0.434295 
37,7.57,95,37,37921.1,0,5,101,125,0,5,135,-3.97859,-4.66017,-10.0791,-8.39558,-5.73978,-173.136,-11.9689,41743.5,-39.6059,16439.4,-3.30962,-3.99121,-8.74114,-7.72662,-5.07081,0.696903,-1.85083,42502.3,-29.4879,0.049705,-2.48844e-05,1.00038,-37.2363,222.147,290.115,0.210483,61166.2,1.11076e-06,0.228552,106.519,86.3139,20.9661,23.7552,0.88259,400.344,522.913,0.411918 
38,1.27,95,38,39161.2,0,5,101,125,0,5,135,-7.40309,-3.57935,-7.1445,-6.0476,-2.3301,-127.521,-25.7206,43337.4,-17.1963,16439.4,-6.91038,-3.08663,-6.15907,-5.55489,-1.83738,0.73845,-18.2682,43896.3,-9.74393,0.609735,-0.000237867,1.00012,-29.9609,228.015,350.3,0.217237,62458.3,1.11853e-06,0.252671,106.007,88.0428,20.9959,25.7763,0.814543,401.484,615.679,0.444493 
39,9.67,95,39,37429.1,0,5,101,125,0,5,135,-3.95222,-4.38924,-11.4782,-2.63552,-2.19962,-80.4009,-32.8587,41081.4,-35.2637,16439.4,-3.64156,-4.07859,-10.8569,-2.32486,-1.88897,0.52363,-28.16,41433.8,-30.565,0.434313,-0.000388516,1.0004,-64.8381,297.421,359.47,0.290896,60018.4,1.10377e-06,0.296237,108.578,86.8869,21.6943,23.6343,0.917915,428.636,517.605,0.426742 
40,0.43,95,40,38483.5,0,5,101,125,0,5,135,-3.5321,-2.47767,-12.3905,-6.89644,-6.90517,-183.349,-14.2663,42683,-45.8251,16439.4,-2.82367,-1.76925,-10.9736,-6.18802,-6.19675,0.607403,-3.55134,43486.6,-35.1101,0.0777379,-4.6668e-05,1.00044,-45.6835,296.012,262.77,0.204578,62386.4,1.1181e-06,0.249438,108.072,89.1932,24.4994,22.8742,1.07105,546.648,484.848,0.460444 
41,2.95,95,41,38013.9,0,5,101,125,0,5,135,-7.22862,-2.29164,-8.03419,-4.35086,-1.18431,-88.9837,-2.68046,41757.6,-40.5958,16439.4,-6.8848,-1.94783,-7.34656,-4.00705,-0.840491,0.650609,2.51975,42147.6,-35.3956,-0.0630648,3.41611e-05,1.00046,-39.9549,325.621,306.546,0.237636,60595.9,1.1073e-06,0.285325,108.185,88.0358,24.2913,23.3616,1.03979,537.403,505.73,0.470809 
42,5.47,95,42,40367.6,0,5,101,125,0,5,135,-5.82405,-5.18394,-9.64238,-2.60433,-1.81473,-89.9558,-17.7287,44088.1,-35.1141,16439.4,-5.47648,-4.83637,-8.94724,-2.25676,-1.46716,0.610719,-12.4717,44482.4,-29.8571,0.258212,-0.000160239,1.00036,-48.3002,293.239,320.294,0.220442,64708.3,1.1318e-06,0.270779,109.062,87.4705,23.6644,24.5384,0.964385,510.025,557.962,0.471333 
43,9.25,95,43,42224.8,0,5,101,125,0,5,135,-5.10061,-6.70996,-16.2141,0.280415,-7.54481,-155.641,-8.97916,45751.7,-25.2169,16439.4,-4.49925,-6.1086,-15.0113,0.88178,-6.94344,0.52617,0.11647,46433.8,-16.1213,-0.00605694,1.43331e-06,1.00019,-19.2291,346.756,371.061,0.291735,66502.3,1.14217e-06,0.314055,109.122,87.5875,23.3912,23.9975,0.974734,498.314,533.636,0.451487 
44,4.21,95,44,41658.3,0,5,101,125,0,5,135,-3.70733,-4.86855,-1.98874,-4.04257,-7.11319,-111.717,-9.55327,45179.2,-25.058,16439.4,-3.27568,-4.4369,-1.12543,-3.61092,-6.68153,0.941171,-3.02452,45668.9,-18.5292,0.119737,-3.78455e-05,1.00022,-25.2596,260.812,338.151,0.257115,65791.2,1.13808e-06,0.260944,109.521,86.1637,21.112,23.8586,0.884877,405.934,527.478,0.406591 
45,6.31,95,45,40545.7,0,5,101,125,0,5,135,-4.70801,-4.20307,-4.85137,-3.85933,-4.69598,-144.054,-1.49379,44028.2,-40.4103,16439.4,-4.15141,-3.64647,-3.73817,-3.30273,-4.13939,0.803028,6.92475,44659.6,-31.9918,-0.220075,8.85958e-05,1.00039,-31.4654,343.745,352.772,0.270738,64717.6,1.13186e-06,0.307662,107.875,87.9378,23.8708,23.9596,0.996291,518.957,531.953,0.464207 
46,7.99,95,46,38395.8,0,5,101,125,0,5,135,-3.93428,-2.18905,-3.16827,-5.19634,-2.09205,-147.365,-22.4339,42407.2,-43.4274,16439.4,-3.36489,-1.61966,-2.02949,-4.62694,-1.52266,0.845826,-13.8219,43053.1,-34.8154,0.248594,-0.000183487,1.00044,-55.6003,235.025,288.645,0.204064,61621.3,1.11351e-06,0.233908,106.98,87.3277,21.8201,23.9732,0.910188,433.622,532.554,0.431563 
47,1.69,95,47,39826.2,0,5,101,125,0,5,135,-4.85363,-3.99533,-8.3982,-3.93374,-0.562013,-82.1037,-2.0729,43802.5,-30.7285,16439.4,-4.5364,-3.67809,-7.76373,-3.61651,-0.24478,0.608673,2.72524,44162.3,-25.9304,-0.095989,3.52614e-05,1.00032,-28.3912,243.865,320.291,0.254317,63256.7,1.12327e-06,0.248806,106.272,85.0417,20.5038,23.31,0.879616,382.885,503.496,0.390883 
48,10.09,95,48,40355.6,0,5,101,125,0,5,135,-6.5818,-4.17686,-10.4808,-5.53789,-1.81867,-95.557,-26.4859,44136.8,-35.7299,16439.4,-6.21258,-3.80765,-9.74239,-5.16868,-1.44946,0.630701,-20.9016,44555.6,-30.1456,0.366204,-0.000268136,1.00037,-57.0762,261.719,340.262,0.256701,64467,1.13039e-06,0.263994,109.582,87.5914,21.1817,23.9324,0.885063,408.621,530.746,0.411978 
49,0.85,95,49,39020.3,0,5,101,125,0,5,135,-1.87711,-3.5909,-13.2298,-3.1053,-1.96315,-173.176,-19.2702,43382.8,-44.7722,16439.4,-1.20799,-2.92178,-11.8916,-2.43619,-1.29403,0.397942,-9.14979,44141.8,-34.6518,0.180356,-0.000118461,1.00043,-50.7319,286.479,269.66,0.224504,62816.8,1.12066e-06,0.248016,106.907,91.9833,23.2235,22.2915,1.04181,491.194,460.458,0.424371 
50,6.73,115,50,39223.9,0,5,101,125,0,5,135,-4.77174,-8.82578,-10.8338,-1.24181,-2.15396,-131.03,-24.6763,42707.6,-39.7783,16439.4,-4.26546,-8.31951,-9.82127,-0.73553,-1.64769,0.603813,-17.0189,43282,-32.1209,0.306294,-0.000224742,1.0004,-55.564,293,365.377,0.281812,62743.6,1.12023e-06,0.292078,106.995,87.8631,21.7462,24.0462,0.904352,430.691,535.803,0.428824 
51,0.01,115,51,37632.2,0,5,101,125,0,5,135,-3.6773,-8.01474,-9.58782,-2.71667,-3.43475,-54.543,-12.7465,41330.4,-26.9283,16439.4,-3.46656,-7.804,-9.16633,-2.50593,-3.224,0.649696,-9.55897,41569.5,-23.7408,0.251235,-0.000131418,1.00031,-38.048,335.36,394.713,0.234946,60953.6,1.10947e-06,0.327929,108.157,86.6131,24.816,26.6888,0.929828,560.871,660.042,0.548404 
52,4.63,115,52,37974.9,0,5,101,125,0,5,135,-4.76398,-1.09179,-0.396779,-2.47497,-2.59829,-150.341,-0.696954,42305.1,-44.8178,16439.4,-4.18309,-0.510908,0.764993,-1.89408,-2.0174,1.09757,8.08895,42964,-36.0319,-0.230131,0.000107573,1.00046,-35.1494,226.223,309.179,0.220853,62625.6,1.11953e-06,0.236232,109.29,86.3796,20.738,24.0448,0.862473,391.682,535.743,0.409177 
53,5.89,115,53,36488.3,0,5,101,125,0,5,135,-4.65279,-8.0796,-9.85822,-3.7107,-2.59598,-97.4029,-14.4803,40386.9,-35.6332,16439.4,-4.27645,-7.70326,-9.10553,-3.33435,-2.21963,0.658191,-8.78804,40813.8,-29.941,0.196525,-0.000123055,1.0004,-44.7173,325.896,330.265,0.2547,59041.7,1.09775e-06,0.29886,108.386,87.5975,23.6809,23.6748,1.00026,510.733,519.38,0.469177 
54,2.53,115,54,38873.1,0,5,101,125,0,5,135,-2.57388,-3.19141,-5.60085,0.612894,-1.20617,-97.3883,-9.98867,42907.8,-42.5227,16439.4,-2.19759,-2.81512,-4.84827,0.989183,-0.82988,0.500265,-4.29729,43334.7,-36.8314,0.0886133,-5.6669e-05,1.00046,-48.4949,268.431,312.153,0.203852,62814.2,1.12065e-06,0.258304,107.614,88.2361,23.3601,24.9153,0.937577,496.988,575.236,0.477119 
55,7.15,115,55,37362,0,5,101,125,0,5,135,-3.47668,-0.905271,-3.59348,-7.07405,-1.61205,-157.13,-17.4376,41595,-29.9451,16439.4,-2.86956,-0.29815,-2.37924,-6.46693,-1.00493,0.817246,-8.25495,42283.8,-20.7625,0.248869,-0.000111571,1.00027,-33.1699,241.025,316.595,0.239462,60831.7,1.10873e-06,0.249147,106.283,87.379,20.7873,23.6228,0.879967,393.546,517.103,0.406874 
56,3.79,115,56,37441.5,0,5,101,125,0,5,135,-4.54434,-1.78811,-3.58811,-1.60858,-7.54798,-96.8563,-7.06409,41568.4,-32.707,16439.4,-4.1701,-1.41388,-2.83964,-1.23435,-7.17375,0.831292,-1.40381,41993,-27.0467,0.0414594,-1.9103e-05,1.00035,-33.8599,278.346,329.032,0.247263,60732.2,1.10813e-06,0.2731,108.514,88.4745,22.1183,23.8202,0.928556,445.557,525.777,0.43678 
57,3.37,115,57,39252.4,0,5,101,125,0,5,135,-4.59701,-2.95095,-4.68794,-6.66003,-5.25944,-59.3463,-10.2289,42888.2,-31.2226,16439.4,-4.3677,-2.72165,-4.22933,-6.43073,-5.03014,0.814336,-6.7607,43148.3,-27.7544,0.168739,-8.95424e-05,1.00035,-40.066,286.036,290.081,0.211646,62703.3,1.11999e-06,0.257191,108.901,90.1784,23.738,23.6945,1.00184,513.2,520.245,0.461353 
58,8.41,115,58,38617.2,0,5,101,125,0,5,135,-3.26321,0.134472,-5.10994,-3.81713,-2.85289,-79.401,-8.72122,42632.9,-29.1726,16439.4,-2.95642,0.441261,-4.49636,-3.51034,-2.5461,0.655925,-4.08103,42980.9,-24.5324,0.121749,-5.426e-05,1.00031,-33.52,295.863,304.691,0.225242,62387.1,1.1181e-06,0.26853,107.867,88.0492,23.5754,23.7279,0.993574,506.193,521.711,0.459612 
59,8.83,115,59,35380.4,0,5,101,125,0,5,135,-4.13322,-5.78641,-5.0513,-1.63371,-5.61171,-136.24,0.418385,38983.3,-36.7617,16439.4,-3.60682,-5.26001,-3.99849,-1.10731,-5.08531,0.790193,8.38024,39580.4,-28.7999,-0.320105,0.000120972,1.0004,-26.1796,311.355,329.105,0.255896,56547.4,1.08207e-06,0.295829,108.241,88.2506,23.1083,23.5542,0.981069,486.335,514.104,0.462103 
60,2.11,115,60,35494.1,0,5,101,125,0,5,135,-3.45468,-5.94403,-15.0763,-5.70976,-6.16952,-97.0913,-0.0626496,39439.6,-31.2318,16439.4,-3.07954,-5.56889,-14.326,-5.33461,-5.79438,0.579924,5.61136,39865.2,-25.5578,-0.223935,8.0427e-05,1.00035,-25.058,202.734,245.402,0.181073,56798.8,1.08367e-06,0.205829,106.944,85.9396,21.2371,23.21,0.914997,410.76,499.186,0.417858 
61,5.05,115,61,37836.3,0,5,101,125,0,5,135,-2.32862,-5.35895,-10.8443,-4.66892,0.147445,-56.5454,2.23153,41690.4,-37.05,16439.4,-2.11014,-5.14047,-10.4074,-4.45044,0.365925,0.521335,5.53604,41938.3,-33.7455,-0.15836,7.54254e-05,1.00044,-34.9585,208.574,243.543,0.168246,61179.4,1.11084e-06,0.202892,109.14,87.4155,22.2184,23.8003,0.933531,449.596,524.903,0.43732 
62,7.57,115,62,41351.7,0,5,101,125,0,5,135,-6.88729,-3.95485,-4.1627,-3.69147,-2.3567,-79.0864,-7.12633,45209.2,-48.8972,16439.4,-6.58171,-3.64928,-3.55155,-3.38589,-2.05112,0.815212,-2.50452,45555.9,-44.2753,0.045017,-3.14163e-05,1.00053,-55.6349,212.446,275.532,0.190605,66293.9,1.14097e-06,0.212049,106.269,86.8146,21.3023,24.0585,0.885438,413.288,536.352,0.412645 
63,1.27,115,63,35038.5,0,5,101,125,0,5,135,-5.42578,-1.237,-2.3911,-6.80506,-2.79796,-54.2986,-21.9003,39026.1,-25.3843,16439.4,-5.21598,-1.02721,-1.9715,-6.59526,-2.58816,0.886683,-18.7271,39264.1,-22.2111,0.412669,-0.000272619,1.00031,-45.3805,244.442,367.767,0.251073,57091.8,1.08553e-06,0.276206,106.226,88.0067,20.6185,25.0218,0.824021,387.178,580.162,0.436605 
64,9.67,115,64,38894.9,0,5,101,125,0,5,135,-1.79329,-4.56099,-5.1011,-1.7558,-2.90888,-98.0552,1.90933,42586.1,-42.6504,16439.4,-1.41442,-4.18212,-4.34337,-1.37694,-2.53001,0.686328,7.63968,43015.9,-36.92,-0.208368,0.000101476,1.00047,-36.6644,278.958,347.83,0.270525,61838.2,1.11481e-06,0.279415,109.392,88.4949,21.4856,23.7533,0.904532,420.432,522.832,0.420559 
65,0.43,115,65,39219.1,0,5,101,125,0,5,135,-2.80779,-1.45435,-8.21349,-5.4953,-3.72787,-71.5004,-1.66771,43366.5,-46.9892,16439.4,-2.53153,-1.17809,-7.66097,-5.21903,-3.45161,0.61774,2.51077,43679.9,-42.8107,-0.0513848,3.28453e-05,1.00053,-48.8621,297.583,268.235,0.205375,63398.5,1.12411e-06,0.251335,107.609,90.5209,24.4809,23.0419,1.06245,545.826,491.984,0.460991 
66,2.95,115,66,38502.6,0,5,101,125,0,5,135,-6.27162,-3.97323,-5.2612,-6.27187,-1.46775,-85.25,-18.2931,42431.6,-28.6094,16439.4,-5.94223,-3.64384,-4.60242,-5.94248,-1.13836,0.783612,-13.3111,42805.2,-23.6274,0.319487,-0.000177729,1.0003,-41.664,358.877,343.344,0.266281,62480.4,1.11866e-06,0.31379,108.293,90.3219,24.5113,23.7603,1.0316,547.18,523.14,0.478273 
67,5.47,115,67,36515.2,0,5,101,125,0,5,135,-4.42262,-0.768112,-0.660618,-2.83168,-0.49819,-55.0019,-8.23375,40178.1,-30.3739,16439.4,-4.2101,-0.555596,-0.235585,-2.61917,-0.285674,0.970202,-5.01944,40419.1,-27.1596,0.133457,-7.09678e-05,1.00036,-37.611,293.553,307.48,0.219961,58698.6,1.09562e-06,0.274215,108.887,88.1428,23.7174,24.0271,0.987109,512.308,534.953,0.477819 
68,9.25,115,68,37815.4,0,5,101,125,0,5,135,-3.21512,-0.790899,-2.96785,-7.3687,-7.20741,-39.6123,-14.0122,41707,-32.5223,16439.4,-3.06207,-0.637845,-2.66174,-7.21565,-7.05435,0.870987,-11.6973,41880.6,-30.2073,0.243967,-0.000159626,1.00039,-47.9461,309.116,349.038,0.274902,60648.9,1.10762e-06,0.296555,108.704,88.2052,22.5098,23.7024,0.949686,461.47,520.592,0.442516 
69,4.21,115,69,40653.5,0,5,101,125,0,5,135,-7.33772,-3.46352,-8.98355,-4.33059,-2.28732,-120.495,-9.30776,44419.2,-33.477,16439.4,-6.87215,-2.99796,-8.05242,-3.86502,-1.82175,0.65893,-2.26606,44947.4,-26.4353,0.0666715,-2.88099e-05,1.00032,-33.9885,257.001,337.203,0.25781,64863.9,1.13271e-06,0.259893,109.156,86.9859,20.9405,23.7846,0.880424,399.368,524.208,0.403943 
70,6.31,115,70,38197.1,0,5,101,125,0,5,135,-2.40205,-6.26262,-8.38927,-5.10687,-3.66041,-93.6793,3.47765,41895.8,-32.8835,16439.4,-2.0401,-5.90067,-7.66535,-4.74491,-3.29845,0.675876,8.95227,42306.4,-27.4089,-0.373971,0.000120903,1.00035,-23.9384,299.431,320.953,0.244969,61167.9,1.11077e-06,0.27909,107.256,87.9779,23.0201,23.6494,0.973392,482.629,518.265,0.450254 
71,7.99,115,71,37927.4,0,5,101,125,0,5,135,-3.3164,-4.65623,-10.8255,-2.86114,-3.96797,-166.635,3.5745,41856.4,-36.6147,16439.4,-2.67256,-4.01239,-9.53785,-2.21729,-3.32413,0.561765,13.3126,42586.8,-26.8766,-0.702913,0.000178597,1.00034,-18.9392,247.52,289.464,0.204882,61124,1.11051e-06,0.241036,107.446,87.576,22.3424,23.9333,0.933526,454.63,530.786,0.442352 
72,1.69,115,72,38800,0,5,101,125,0,5,135,-5.58231,-1.84966,-2.45811,-4.14217,-3.78747,-141.407,-11.5957,42677.1,-41.3028,16439.4,-5.03595,-1.30329,-1.36538,-3.5958,-3.2411,0.906105,-3.33191,43296.9,-33.039,0.0775246,-4.39761e-05,1.00041,-42.9787,246.874,312.64,0.251911,61815.8,1.11468e-06,0.249236,106.199,85.7901,20.6941,23.0746,0.896833,390.023,493.38,0.393538 
73,10.09,115,73,37144.6,0,5,101,125,0,5,135,-2.29773,-2.32189,-4.38843,-7.92514,1.63414,-112.404,-5.7327,41045.6,-38.8702,16439.4,-1.86342,-1.88759,-3.51982,-7.49083,2.06845,0.722701,0.836211,41538.3,-32.3013,-0.0220489,1.15034e-05,1.00042,-37.9253,236.505,306.731,0.226942,59929,1.10322e-06,0.244139,108.929,87.7594,21.0385,23.7404,0.886189,403.114,522.263,0.415907 
74,0.85,115,74,36576.9,0,5,101,125,0,5,135,0.435725,-5.44444,-4.53096,-3.77866,-2.03451,-218.973,-18.4858,41145.7,-40.9247,16439.4,1.28179,-4.59837,-2.83883,-2.9326,-1.18845,0.723754,-5.68903,42105.4,-28.1279,0.144236,-7.72139e-05,1.00036,-39.4425,274.094,266.647,0.219528,59681.2,1.1017e-06,0.245389,106.443,91.0417,22.9072,22.3738,1.02384,477.905,463.868,0.427371 
