cyc,time,cyc,ROIsum,fBg,fA1,fWidth1,fCtr1,fA2,fWidth2,fCtr2,box1,box2,box3,box4,box5,box6,box7,box8,box9,Nfit,BZ-2,BZ-1,BZ0,BZ1,BZ2,Excited,c5,c7,c9,fraction95,fraction75,fraction97,sum95,Tx,Ty,LiToTF,LiNfit,TFcalc,ToTFcalc,G_ctr_x,G_ctr_y,G_sigma_x,G_sigma_y,G_ar,G_Tx,G_Ty,G_ToTFcalc
0,0.66,0,45212.9,0,5,101,125,0,5,135,-1.32622,-2.98848,-4.20055,-0.553874,-9.02609,-295.139,-8.30291,49898.7,-40.625,16439.4,-0.185861,-1.84812,-1.91984,0.586483,-7.88573,0.829394,8.94499,51192.3,-23.3771,-0.468139,9.98375e-05,1.00025,-19.1076,324.591,265.037,0.236352,70301.8,1.16352e-06,0.252086,106.614,93.5471,24.2641,21.6782,1.11928,536.201,435.473,0.41531 
1,0.01,1,45813.3,0,5,101,125,0,5,135,-2.10036,-1.70019,-5.59202,3.05452,0.837184,-235.083,8.94634,50166.3,-33.2861,16439.4,-1.19205,-0.791883,-3.7754,3.96283,1.7455,-73.0252,22.6846,51196.6,-19.5479,-29.3484,0.000253128,1.00021,-0.772941,336.69,391.29,0.227305,72439.9,1.17519e-06,0.308855,107.671,86.0315,25.1711,26.8713,0.936728,577.037,669.1,0.528735 
2,4.04,2,48217.6,0,5,101,125,0,5,135,-1.91611,-2.43066,-4.75693,-3.49845,-0.501331,-242.277,-6.83833,52759,-35.1167,16439.4,-0.98,-1.49455,-2.88471,-2.56234,0.434778,0.614695,7.32031,53820.9,-20.958,-0.410576,7.77154e-05,1.00021,-17.8293,278.825,346.489,0.261981,74840.8,1.18804e-06,0.261626,108.783,88.2948,21.6984,23.9743,0.905066,428.798,532.606,0.402253 
3,3.52,3,46343.3,0,5,101,125,0,5,135,-2.03841,-6.89232,-3.86936,-5.32828,-2.77484,-175.561,-18.7532,50911.2,-32.4316,16439.4,-1.36008,-6.21399,-2.5127,-4.64994,-2.09651,0.85073,-8.49345,51680.7,-22.1718,0.241982,-9.39201e-05,1.00023,-35.0996,280.105,287.536,0.208386,72019.4,1.17291e-06,0.241958,107.497,89.9999,23.6475,23.7399,0.996107,509.296,522.242,0.439698 
4,4.82,4,48707.8,0,5,101,125,0,5,135,-4.50153,-3.38939,-6.10112,4.06214,-1.84212,-130.572,-13.5846,53111.1,-38.4382,16439.4,-3.99702,-2.88489,-5.09211,4.56665,-1.33761,0.417711,-5.95391,53683.4,-30.8076,0.138711,-6.33799e-05,1.00031,-42.923,240.246,297.913,0.210135,75210.1,1.18999e-06,0.224818,109.283,87.4037,21.8279,24.0372,0.908088,433.933,535.404,0.405051 
5,2.35,5,47809.3,0,5,101,125,0,5,135,-0.84966,-2.20209,-6.93873,-3.81921,-3.1756,-113.802,-2.26308,52082.1,-34.9752,16439.4,-0.409951,-1.76239,-6.05931,-3.3795,-2.73589,0.577661,4.38752,52580.9,-28.3246,-0.148217,4.76795e-05,1.00029,-29.602,260.261,283.653,0.197628,74175.9,1.18451e-06,0.229383,106.864,85.1759,23.2797,24.0945,0.966184,493.576,537.958,0.435024 
6,1.44,6,49687,0,5,101,125,0,5,135,-2.64111,-5.77758,-3.47952,-2.27219,0.705407,-173.827,-9.7265,54706.3,-25.3207,16439.4,-1.96948,-5.10595,-2.13625,-1.60055,1.37704,0.773587,0.431963,55468.2,-15.1623,-0.0243185,4.45003e-06,1.00015,-17.7627,235.905,340.806,0.222468,78168.8,1.20539e-06,0.235231,105.81,87.2793,21.1693,25.1708,0.841028,408.143,587.091,0.406098 
7,4.95,7,48427.9,0,5,101,125,0,5,135,-2.60953,-2.80507,-8.06615,0.912181,-1.82658,-131.17,10.6555,52983.4,-33.6363,16439.4,-2.10272,-2.29826,-7.05252,1.419,-1.31977,0.378866,18.321,53558.3,-25.9708,-1.42644,0.000195434,1.00026,-12.8439,224.522,262.003,0.183216,75328.5,1.19061e-06,0.20371,108.414,87.2221,22.266,23.8422,0.93389,451.526,526.751,0.409614 
8,3.13,8,48028.6,0,5,101,125,0,5,135,-1.14988,-4.45386,-8.94465,-7.75318,-4.74342,-160.915,-24.9367,52397.5,-40.4901,16439.4,-0.528143,-3.83212,-7.70116,-7.13144,-4.12168,0.669684,-15.5328,53102.8,-31.0863,0.29398,-0.000167174,1.00032,-52.8364,347.036,336.26,0.235049,74448.8,1.18596e-06,0.288042,107.805,91.3767,25.2001,24.5385,1.02696,578.368,557.969,0.479003 
9,2.09,9,46855.6,0,5,101,125,0,5,135,-1.36622,-4.20754,-2.41101,-3.58369,-3.34853,-88.4808,-8.11754,51229.5,-34.5711,16439.4,-1.02434,-3.86567,-1.72726,-3.24182,-3.00666,0.865747,-2.94672,51617.3,-29.4003,0.0770847,-3.26227e-05,1.00031,-38.227,223.128,254.781,0.190697,73038.9,1.17842e-06,0.20233,106.747,84.1397,21.8552,23.1615,0.9436,435.018,497.103,0.394617 
10,2.22,10,46971.5,0,5,101,125,0,5,135,-4.76367,-6.07068,-4.60288,-6.61598,-3.27864,-149.47,5.69382,51446.7,-47.1543,16439.4,-4.18614,-5.49315,-3.44783,-6.03846,-2.70112,0.842325,14.4289,52101.8,-38.4192,-0.45554,0.000158224,1.0004,-31.6742,238.207,262.383,0.189162,73098.1,1.17874e-06,0.212093,106.516,84.8964,22.6579,23.5781,0.960975,467.562,515.145,0.416357 
11,0.79,11,45870.4,0,5,101,125,0,5,135,-2.48199,-3.4587,-8.30177,-5.89224,-5.81671,-155.536,-36.681,50983.6,-38.7891,16439.4,-1.88103,-2.85774,-7.09985,-5.29128,-5.21575,0.682271,-27.5915,51665.3,-29.6996,0.436361,-0.000305261,1.00031,-63.231,299.614,264.173,0.224026,72477.9,1.1754e-06,0.239354,106.899,92.4339,23.7742,22.0893,1.07628,514.768,452.143,0.410448 
12,1.57,12,47009.7,0,5,101,125,0,5,135,-3.09984,-5.01319,-10.1505,-2.01255,-1.45958,-157.723,-12.8305,51558.1,-26.9022,16439.4,-2.49043,-4.40378,-8.93173,-1.40314,-0.850167,0.505968,-3.61321,52249.4,-17.6848,0.145489,-3.95176e-05,1.00018,-24.835,232.796,320.58,0.231164,72670.8,1.17644e-06,0.232213,105.686,86.7936,20.7115,24.0652,0.860644,390.681,536.649,0.389212 
13,3.26,13,48310.1,0,5,101,125,0,5,135,-3.0125,-6.12939,-14.31,-1.52139,-2.76013,-119.086,-18.7654,52772.9,-37.5422,16439.4,-2.55238,-5.66926,-13.3898,-1.06126,-2.3,0.463823,-11.806,53294.9,-30.5829,0.243396,-0.000126601,1.00031,-48.5055,309.945,299.626,0.209984,75256.9,1.19023e-06,0.256035,107.562,90.7556,24.8321,24.2004,1.0261,561.598,542.697,0.463831 
14,4.3,14,48256.9,0,5,101,125,0,5,135,-3.66345,-5.01899,-10.6332,-3.10862,-6.84101,-157.804,-17.9334,52756.7,-40.7802,16439.4,-3.05373,-4.40927,-9.41379,-2.4989,-6.23129,0.632374,-8.71135,53448.4,-31.5581,0.187015,-9.31436e-05,1.00032,-46.5811,232.028,319.809,0.218697,74858.4,1.18813e-06,0.229273,108.89,87.4438,21.1139,24.5521,0.859963,406.01,558.588,0.400821 
15,3.65,15,46686.8,0,5,101,125,0,5,135,-3.96024,-8.38356,-6.4198,-5.27806,-1.73396,-112.64,-8.70703,51099.4,-30.3278,16439.4,-3.52502,-7.94834,-5.54936,-4.84284,-1.29874,0.760435,-2.12434,51593.1,-23.7451,0.0693809,-2.3529e-05,1.00025,-30.6185,296.289,318.252,0.237038,72476.8,1.17539e-06,0.261252,108.476,89.9842,23.1665,23.7742,0.974435,488.785,523.753,0.430466 
16,1.7,16,43150.4,0,5,101,125,0,5,135,-5.52114,-8.15832,-12.6202,-3.51571,-3.7611,-65.9909,-11.857,47663,-46.0293,16439.4,-5.26617,-7.90334,-12.1102,-3.26073,-3.50612,0.622105,-8.00052,47952.2,-42.1728,0.136509,-9.53483e-05,1.00048,-58.6079,240.162,316.027,0.246843,67419.3,1.14739e-06,0.240106,105.694,86.0646,20.5433,23.3627,0.879317,384.359,505.778,0.38427 
17,1.18,17,48196.4,0,5,101,125,0,5,135,-4.00711,-4.99768,-9.18491,-5.58237,-5.69322,-127.736,-8.33901,52892.5,-17.2716,16439.4,-3.51357,-4.50413,-8.19782,-5.08882,-5.19967,0.690695,-0.87414,53452.3,-9.80672,0.0691446,-9.34502e-06,1.0001,-12.6422,240.908,324.842,0.210617,74979.1,1.18877e-06,0.235323,106.278,91.3081,21.8164,25.0594,0.870586,433.475,581.909,0.422486 
18,0.4,18,47548.2,0,5,101,125,0,5,135,-6.27471,-3.80323,-8.9294,-4.63719,-4.34546,-229.482,-15.3286,52130.7,-45.7667,16439.4,-5.38804,-2.91656,-7.15606,-3.75051,-3.45879,0.684337,-1.91771,53136.5,-32.3557,0.0470667,-2.06234e-05,1.00033,-40.7446,299.473,280.067,0.195495,74511.2,1.18629e-06,0.244129,107.441,92.3568,25.1157,24.0342,1.045,574.498,535.269,0.467455 
19,2.48,19,46862.4,0,5,101,125,0,5,135,-6.82303,-2.00175,-8.63719,-1.52588,1.33553,-129.998,-15.8449,51242.5,-43.3067,16439.4,-6.32074,-1.49947,-7.63261,-1.02359,1.83782,0.478597,-8.24776,51812.3,-35.7096,0.161406,-9.09714e-05,1.00037,-51.0993,258.793,295.885,0.190565,72620.7,1.17617e-06,0.23527,107.584,88.7465,23.5615,24.9454,0.944523,505.597,576.626,0.45907 
20,0.14,20,45552.9,0,5,101,125,0,5,135,-6.04305,-6.36366,-10.9882,-5.01497,-5.1254,-169.415,-7.53855,49603.3,-29.23,16439.4,-5.38846,-5.70908,-9.67899,-4.36038,-4.47081,0.673092,2.36207,50345.9,-19.3294,-0.11338,2.68088e-05,1.00021,-20.8332,345.81,385.204,0.231895,70999,1.16735e-06,0.312653,108.016,87.4601,25.324,26.4457,0.957583,584.067,648.073,0.527039 
21,2.87,21,47051.2,0,5,101,125,0,5,135,-2.68519,-2.2644,-1.81185,-1.53459,-1.41978,-160.641,-14.3938,51519.9,-37.9289,16439.4,-2.06451,-1.64372,-0.570478,-0.913911,-0.799098,0.904789,-5.00594,52224,-28.5411,0.127523,-5.47774e-05,1.0003,-39.2552,356.796,361.354,0.254643,73628.6,1.18159e-06,0.303886,108.13,89.9383,24.8276,24.736,1.00371,561.396,566.984,0.477479 
22,1.83,22,47559.6,0,5,101,125,0,5,135,-0.834778,-4.98426,-4.99029,-4.64326,-2.55031,-208.033,-20.7071,51922.5,-47.6677,16439.4,-0.0309787,-4.18047,-3.38269,-3.83946,-1.74651,0.743349,-8.5496,52834.3,-35.5102,0.167109,-9.24767e-05,1.00036,-51.1619,241.555,298.438,0.236638,72883.1,1.17759e-06,0.228004,106.446,85.0558,20.9222,23.0195,0.908892,398.671,491.026,0.375722 
23,4.69,23,48442.8,0,5,101,125,0,5,135,-4.80967,-4.90576,-9.15034,-1.4266,-2.76097,-146.324,-11.0873,53240,-43.2519,16439.4,-4.2443,-4.34039,-8.0196,-0.861229,-2.1956,0.592108,-2.53616,53881.3,-34.7007,0.0574091,-2.68975e-05,1.00035,-44.177,238.486,313.546,0.22055,75256.9,1.19023e-06,0.229747,109.071,87.4815,21.3167,24.2213,0.880082,413.847,543.635,0.398512 
24,3.91,24,45856,0,5,101,125,0,5,135,-1.44544,-5.88708,-9.47743,-4.62521,-5.01735,-134.688,-12.5551,50500.7,-27.2927,16439.4,-0.925036,-5.36667,-8.43661,-4.1048,-4.49694,0.63838,-4.68396,51091,-19.4216,0.167345,-5.23906e-05,1.00021,-27.9899,281.944,335.791,0.257967,72266.8,1.17426e-06,0.262031,108.342,88.3505,21.9373,23.7082,0.925305,438.294,520.847,0.406888 
25,0.27,25,45452.2,0,5,101,125,0,5,135,-3.42605,-2.96931,-13.5928,-7.31019,-2.18871,-134.588,-17.8344,49896.1,-26.4432,16439.4,-2.90602,-2.44929,-12.5528,-6.79017,-1.66869,0.52392,-9.96911,50486,-18.5779,0.308999,-0.000112849,1.0002,-32.2626,332.142,341.539,0.226423,71143,1.16814e-06,0.288329,107.858,92.0391,24.9841,25.0902,0.995772,568.496,583.34,0.492982 
26,1.31,26,45370.5,0,5,101,125,0,5,135,-3.95963,-2.94542,-5.06461,-3.83457,-5.23366,-89.0686,-8.28548,49984.5,-22.2875,16439.4,-3.61548,-2.60128,-4.37632,-3.49043,-4.88952,0.76934,-3.08031,50374.9,-17.0824,0.130637,-3.49428e-05,1.00018,-23.5792,220.383,314.224,0.2103,71280.3,1.16889e-06,0.225131,105.998,88.302,20.8694,24.709,0.844609,396.66,565.746,0.405272 
27,2.61,27,48691.9,0,5,101,125,0,5,135,-5.71033,-7.29983,-5.36024,-1.49124,-0.373697,-136.913,-34.6969,53175.3,-36.8832,16439.4,-5.18133,-6.77082,-4.30223,-0.962236,0.155309,0.747837,-26.6957,53775.4,-28.882,0.435108,-0.000283754,1.00029,-61.3541,317.146,347.782,0.230589,75344.9,1.1907e-06,0.278922,107.646,89.2991,24.257,25.1211,0.9656,535.885,584.778,0.470143 
28,3.78,28,49659.5,0,5,101,125,0,5,135,-1.67076,-2.86737,-5.11021,-3.217,-0.989669,-142.141,-21.3652,54268.4,-46.3297,16439.4,-1.12156,-2.31817,-4.0118,-2.66779,-0.440465,0.620087,-13.0585,54891.4,-38.023,0.222514,-0.00013596,1.00038,-58.6861,297.418,344.037,0.250911,76946,1.19907e-06,0.266772,108.245,88.5899,22.7588,24.2369,0.939017,471.735,544.334,0.422607 
29,4.43,29,48634.2,0,5,101,125,0,5,135,-4.57619,-1.07525,-1.60933,-2.39753,-2.95776,-136.295,-30.7358,52954.1,-41.3758,16439.4,-4.04957,-0.548633,-0.556092,-1.87091,-2.43114,0.941194,-22.7707,53551.4,-33.4107,0.362224,-0.000243037,1.00034,-62.8636,236.844,320.259,0.2234,75287.2,1.19039e-06,0.231362,109.252,86.8915,21.1676,24.3237,0.870244,408.075,548.243,0.397344 
30,4.17,30,48163.1,0,5,101,125,0,5,135,-4.09931,-4.36425,-7.20954,-1.32527,-1.07087,-99.2542,-2.25934,52640,-24.5148,16439.4,-3.71581,-3.98075,-6.44254,-0.941773,-0.687367,0.591423,3.54108,53075,-18.7144,-0.187199,3.81233e-05,1.00019,-18.9162,253.54,333.409,0.241854,74831.6,1.18799e-06,0.244737,108.835,87.5207,21.2849,24.1491,0.881393,412.61,540.4,0.397481 
31,3.39,31,48647.2,0,5,101,125,0,5,135,-3.114,-2.73812,-4.57802,-4.21559,-2.58082,-148.271,-25.5689,53072.1,-38.6539,16439.4,-2.54111,-2.16523,-3.43223,-3.64269,-2.00793,0.751093,-16.9039,53722,-29.989,0.319601,-0.000179836,1.0003,-52.8907,301.222,300.125,0.212191,74478,1.18611e-06,0.253494,107.883,90.3691,24.3636,24.1027,1.01082,540.607,538.325,0.454818 
32,0.92,32,45957.5,0,5,101,125,0,5,135,-4.53315,-2.62538,-9.64602,-2.04641,-2.45672,-165.906,-24.1555,50774.4,-36.8519,16439.4,-3.89212,-1.98435,-8.36396,-1.40538,-1.81569,0.521006,-14.4599,51501.6,-27.1564,0.307347,-0.000160464,1.00029,-47.0476,286.828,292.751,0.237808,72274.5,1.1743e-06,0.246764,106.096,93.1105,22.754,22.7341,1.00087,471.535,478.927,0.404681 
33,3,33,48874.1,0,5,101,125,0,5,135,2.77905,-4.9564,-6.10445,-4.06295,-3.57764,-139.459,-20.8544,53170.7,-38.7727,16439.4,3.31789,-4.41756,-5.02677,-3.52411,-3.0388,0.603859,-12.7044,53781.9,-30.6227,0.256906,-0.000135002,1.00031,-49.4517,338.464,335.335,0.229988,75984,1.19405e-06,0.282145,108.255,90.6017,25.0808,24.7066,1.01514,572.903,565.64,0.476745 
34,1.96,34,45205.8,0,5,101,125,0,5,135,-7.62485,-6.77122,-9.25208,0.247278,-0.242688,-184.316,-5.21136,49771.7,-36.6928,16439.4,-6.91269,-6.05906,-7.82776,0.959439,0.469473,0.595895,5.56007,50579.5,-25.9213,-0.217653,6.28116e-05,1.00028,-25.5455,231.36,268.144,0.210908,70858.5,1.16658e-06,0.213508,106.141,84.4193,21.3481,22.8297,0.935099,415.064,482.963,0.383796 
35,4.56,35,48067.4,0,5,101,125,0,5,135,-3.10563,-1.81352,-5.65033,-7.28045,-4.81698,-212.749,-12.284,52662.7,-34.404,16439.4,-2.28361,-0.991498,-4.00629,-6.45843,-3.99496,0.7741,0.149038,53595.1,-21.971,-0.00568496,1.58903e-06,1.00022,-26.2161,232.974,325.896,0.220022,74725,1.18742e-06,0.232053,108.786,86.5674,21.1079,24.761,0.852463,405.776,568.132,0.404355 
36,1.05,36,45098.1,0,5,101,125,0,5,135,-6.53662,-5.78331,-7.24449,-4.29638,-1.08241,-207.408,-2.62058,50088.3,-29.411,16439.4,-5.73524,-4.98192,-5.64172,-3.495,-0.281032,0.719804,9.50032,50997.4,-17.2901,-0.844638,0.00010644,1.00018,-11.2478,249.579,293.425,0.215381,71311.9,1.16906e-06,0.231481,106.318,90.8015,22.0097,23.6412,0.93099,441.19,517.905,0.408885 
37,0.53,37,45183.4,0,5,101,125,0,5,135,-6.58411,-7.12497,-9.72676,-2.20888,-4.63626,-247.378,-15.1067,50127.3,-40.2933,16439.4,-5.62829,-6.16914,-7.81512,-1.25306,-3.68044,0.681614,-0.649885,51211.6,-25.8365,0.0205311,-7.25159e-06,1.00027,-31.6537,311.133,259.727,0.215122,70357.4,1.16382e-06,0.244256,107.053,91.1064,24.6114,22.2845,1.10442,551.661,460.172,0.432922 
38,2.74,38,45967.5,0,5,101,125,0,5,135,-3.56731,-6.25924,-5.19306,-3.58071,-5.9918,-178.131,-23.5594,50304.8,-47.1536,16439.4,-2.87905,-5.57097,-3.81653,-2.89245,-5.30354,0.813487,-13.1494,51085.5,-36.7436,0.229717,-0.000147107,1.00039,-57.2417,349.982,368.907,0.260036,71911.5,1.17233e-06,0.306501,107.188,90.1123,24.4348,24.8347,0.983895,543.77,571.521,0.475526 
39,0.66,39,47759.5,0,5,101,125,0,5,135,-5.65329,-6.24656,-8.35541,-2.05016,-0.489983,-259.219,-17.614,52758.6,-45.0553,16439.4,-4.65172,-5.24499,-6.35227,-1.04859,0.511586,0.621573,-2.46527,53894.8,-29.9066,0.064278,-2.61391e-05,1.0003,-38.3532,348.931,279.982,0.253502,75335.4,1.19065e-06,0.262513,106.419,93.3192,24.5544,21.748,1.12904,549.106,438.282,0.412023 
40,0.01,40,45922.3,0,5,101,125,0,5,135,-0.567868,-1.62506,-9.30638,-5.55117,-2.8673,-215.791,-15.7006,50080.3,-36.2565,16439.4,0.265907,-0.791281,-7.63883,-4.71739,-2.03353,0.487847,-3.08977,51026.1,-23.6457,0.0981985,-3.46028e-05,1.00025,-31.4646,323.304,388.455,0.21876,71821.7,1.17184e-06,0.302418,107.77,88.7255,25.0125,27.148,0.921339,569.788,682.949,0.532332 
41,4.04,41,47399.2,0,5,101,125,0,5,135,-4.61724,-4.3231,-10.0832,-0.128173,-1.3516,-217.31,2.92518,51753.3,-37.275,16439.4,-3.7776,-3.48346,-8.4039,0.711469,-0.511953,0.456601,15.6248,52705.8,-24.5754,-1.12686,0.000169373,1.00025,-13.8658,280.015,352.086,0.265964,73620.7,1.18154e-06,0.265745,107.987,88.0406,21.6617,24.0405,0.901051,427.352,535.551,0.404896 
42,3.52,42,48068.4,0,5,101,125,0,5,135,-2.90429,-5.78785,-1.11404,-0.967254,-0.452544,-255.313,-4.8085,52232.2,-39.1425,16439.4,-1.91782,-4.80137,0.858916,0.0192242,0.533934,1.16184,10.112,53351.3,-24.2221,-0.533487,0.000108294,1.00025,-18.9545,300.271,305.471,0.226432,74177.7,1.18452e-06,0.255682,108.291,90.5966,23.7017,23.6766,1.00106,511.633,519.458,0.435225 
43,4.82,43,48710,0,5,101,125,0,5,135,-3.90867,-4.96608,-9.18246,-5.7192,-3.90735,-217.796,-5.26456,53017.2,-35.1142,16439.4,-3.06715,-4.12456,-7.49942,-4.87769,-3.06584,0.668675,7.46341,53971.8,-22.3863,-0.384709,7.90129e-05,1.00023,-19.4001,228.957,287.966,0.198173,74530.6,1.18639e-06,0.216431,108.531,87.4028,21.779,24.2174,0.899313,431.992,543.461,0.408407 
44,2.35,44,49329.1,0,5,101,125,0,5,135,-4.59667,-4.12961,-8.95723,-3.3625,-1.00565,-177.582,-12.3751,53907.3,-47.7148,16439.4,-3.91053,-3.44347,-7.58495,-2.67636,-0.319507,0.577082,-1.99727,54685.7,-37.337,0.0426752,-2.08706e-05,1.00037,-46.8016,253.415,282.837,0.188223,76790.9,1.19827e-06,0.223425,106.263,86.8656,23.4337,24.5643,0.953973,500.128,559.143,0.441315 
45,1.44,45,48829.5,0,5,101,125,0,5,135,-2.22845,-4.85946,-4.04819,0.201606,-3.80966,-222.333,-4.84628,53340.9,-26.7683,16439.4,-1.3694,-4.00041,-2.33009,1.06066,-2.95061,0.757026,8.14686,54315.3,-13.7751,-0.971794,8.57023e-05,1.00014,-8.38332,234.036,330.763,0.223491,75530.4,1.19167e-06,0.233477,105.876,87.4583,21.0336,24.748,0.84991,402.925,567.535,0.401283 
46,4.95,46,47687.2,0,5,101,125,0,5,135,0.320543,-6.29781,-4.56598,-2.68526,-0.164875,-173.774,-20.7243,52006.9,-30.5211,16439.4,0.991972,-5.62638,-3.22312,-2.01383,0.506554,0.655826,-10.5689,52768.6,-20.3658,0.301902,-0.000114464,1.00021,-35.0078,238.86,276.344,0.192364,73439.1,1.18057e-06,0.217623,109.022,87.4299,22.5426,23.9771,0.940175,462.815,532.727,0.420594 
47,3.13,47,45995.9,0,5,101,125,0,5,135,-7.11225,-4.15073,-11.3958,-1.58684,-3.03012,-139.026,-6.24031,50258.9,-52.0507,16439.4,-6.57508,-3.61356,-10.3215,-1.04967,-2.49295,0.570881,1.88439,50868.2,-43.926,-0.0370747,2.11679e-05,1.00047,-50.8269,334.769,324.178,0.234047,72500.1,1.17552e-06,0.280243,107.334,90.6842,24.7559,24.122,1.02628,558.155,539.188,0.466679 
48,2.09,48,45993.1,0,5,101,125,0,5,135,-1.96964,-3.28182,-7.66902,-1.43727,-1.17278,-233.235,-0.6262,50436.3,-40.2664,16439.4,-1.06847,-2.38064,-5.86667,-0.536092,-0.27161,0.420489,13.0041,51458.6,-26.6361,-0.685896,0.000144385,1.00028,-18.9593,239.032,271.594,0.207723,72396,1.17496e-06,0.216854,106.142,84.8047,21.8316,23.098,0.945175,434.082,494.381,0.394271 
49,2.22,49,48930.4,0,5,101,125,0,5,135,-7.79272,-2.97344,-3.60011,-3.84779,-7.24326,-152.018,-3.04558,53355.2,-39.9243,16439.4,-7.20535,-2.38608,-2.42538,-3.26042,-6.6559,0.889419,5.83835,54021.5,-31.0404,-0.185875,6.1753e-05,1.00031,-31.4101,248.513,280.184,0.198749,75934.6,1.1938e-06,0.221038,106.331,85.239,22.6982,23.8883,0.950181,469.225,528.789,0.417255 
50,0.79,50,48142.9,0,5,101,125,0,5,135,-2.91514,-4.89568,-11.0434,-2.41299,1.1076,-248.437,-28.8648,52771.9,-27.7538,16439.4,-1.95523,-3.93577,-9.12357,-1.45308,2.06751,0.366425,-14.3461,53860.8,-13.2352,0.474591,-0.000152226,1.00013,-30.2283,338.948,290.813,0.256667,75828.5,1.19324e-06,0.263115,106.233,94.2014,24.108,22.0756,1.09206,529.322,451.583,0.409733 
51,1.57,51,48448.5,0,5,101,125,0,5,135,-5.07961,-1.00959,-10.032,-3.20782,-2.1426,-200.44,-15.1073,52878.9,-28.707,16439.4,-4.30515,-0.235134,-8.48308,-2.43336,-1.36814,0.495801,-3.39356,53757.4,-16.9933,0.142673,-3.6074e-05,1.00017,-23.7856,238.742,332.755,0.237345,75267.5,1.19029e-06,0.236796,105.978,86.4399,20.7776,24.2928,0.855299,393.178,546.849,0.389561 
52,3.26,52,47656,0,5,101,125,0,5,135,-4.52455,-5.62086,-7.92241,-0.828066,-2.25472,-176.99,-19.8972,52045.5,-47.2492,16439.4,-3.8407,-4.93701,-6.5547,-0.14421,-1.57087,0.615503,-9.55392,52821.3,-36.9059,0.177447,-0.000103366,1.00038,-53.841,295.655,288.581,0.203316,73664.1,1.18178e-06,0.247168,108.108,91.0229,24.5612,24.0056,1.02314,549.41,533.994,0.458333 
53,4.3,53,47156.3,0,5,101,125,0,5,135,-1.98335,-5.21773,-12.1483,-9.53458,-6.57619,-228.014,10.7399,51510.3,-27.4826,16439.4,-1.10236,-4.33673,-10.3863,-8.65358,-5.69519,0.655789,24.065,52509.7,-14.1575,3.40094,0.000261815,1.00015,7.07599,240.284,318.792,0.226923,73124.4,1.17888e-06,0.234771,109.229,87.0294,21.2149,24.1793,0.877401,409.904,541.752,0.399733 
